Roll Number; 2
Recipe Name; FP 4577_360 GSM
Start Time; 2017-11-20; 07:26:41
File Name; D:\Mahlo\TR\171120072641FP 4577_360 GSM2_FMI2.txt

37930.2; 07:26:50; (); (); (); (); (); (); (); (); (); (); (); (); (); (); (); (); (); (); (); (); (); (); (); (); 256.548792; 256.224424; 255.638301; 254.994750; 255.078346; 255.445033; 256.027073; 256.803483; 257.330418; 258.060157; 258.489013; 258.442760; 258.422554; 258.354276; 258.190781; 257.665306; 257.611185; 258.263201; 259.018600; 258.996099; 258.506656; 257.678837; 256.980300; 256.495863; 255.769014; 254.913658; 254.357994; 254.157722; 254.182130; 254.612535; 255.368620; 255.571574; 255.439520; 255.406857; 256.057888; 256.573588; 256.845236; 257.243156; 257.360160; 257.772058; 258.461177; 259.284407; 260.046721; 260.729432; 260.983646; (); (); (); (); (); (); (); (); (); (); (); (); (); (); (); (); (); (); (); (); (); (); (); (); (); (); (); (); (); (); (); (); (); (); (); (); (); (); (); (); (); (); (); (); (); (); (); (); (); (); (); (); (); (); (); (); (); (); (); (); (); (); (); (); (); (); (); (); (); (); (); 
37931.6; 07:26:55; (); (); (); (); (); (); (); (); (); (); (); (); (); (); (); (); 265.569389; 264.773518; 264.268696; 264.107496; 264.143050; 263.924807; 263.415515; 262.689114; 261.999518; 261.391908; 260.703176; 259.886503; 259.152323; 258.483261; 257.779509; 257.013530; 256.322473; 255.701333; 254.921407; 253.404230; 252.135396; 251.559138; 251.115739; 250.554293; 250.022948; 249.897376; 249.877572; 249.632061; 249.430835; 249.524638; 249.863207; 250.475407; 250.847965; 250.967503; 251.704037; 252.641559; 253.010631; 252.775371; 252.288371; 251.980573; 251.950443; 252.767622; 253.995836; 254.811227; 255.277067; 255.780429; 255.721986; 255.763710; 256.072074; 256.284684; 256.380707; 256.936967; 258.061290; 258.938849; (); (); (); (); (); (); (); (); (); (); (); (); (); (); (); (); (); (); (); (); (); (); (); (); (); (); (); (); (); (); (); (); (); (); (); (); (); (); (); (); (); (); (); (); (); (); (); (); (); (); (); (); (); (); (); (); (); (); (); (); (); (); (); (); (); (); (); (); (); (); 
37932.6; 07:27:01; (); (); (); (); (); (); (); (); (); (); (); (); (); (); (); (); 262.380034; 262.217760; 262.239456; 262.250096; 261.932999; 261.466861; 261.187524; 261.086553; 260.460049; 259.665102; 258.948594; 258.462816; 257.974952; 257.377058; 256.984323; 256.571293; 256.142497; 255.538464; 254.731834; 254.383594; 254.399508; 254.379123; 254.148751; 253.898501; 253.964871; 254.043788; 253.682852; 253.420860; 253.334254; 253.672034; 254.039675; 254.126132; 254.297674; 254.783392; 254.876196; 254.659027; 254.156351; 253.532708; 253.150553; 252.963066; 253.489047; 254.491061; 255.044699; 255.240947; 255.316168; 255.725473; 256.147772; 256.222695; 256.505072; 257.035077; 257.861346; 258.753836; 259.504825; 260.089338; 260.300189; 259.411067; 258.439153; 258.006006; 257.650882; 257.220984; 256.471694; 256.151617; 256.110460; 255.601555; 254.660219; 253.639787; 252.561539; 251.854599; (); (); (); (); (); (); (); (); (); (); (); (); (); (); (); (); (); (); (); (); (); (); (); (); (); (); (); (); (); (); (); (); (); (); (); (); (); (); (); (); (); (); (); (); (); (); (); (); (); (); (); (); (); (); (); (); 
37933.6; 07:27:06; (); (); (); (); (); (); (); (); (); (); (); (); (); (); (); 264.952660; 264.375687; 263.782054; 263.464272; 263.440818; 263.500392; 263.243735; 262.624592; 261.883706; 261.334062; 260.927290; 260.527819; 259.801835; 259.045094; 258.596420; 258.102238; 257.662684; 257.273883; 256.944984; 256.401300; 255.501509; 254.891217; 254.727900; 254.683077; 254.414737; 254.047632; 254.167438; 254.351020; 254.205078; 253.927201; 253.673941; 253.734231; 254.158497; 254.343927; 254.352212; 254.605949; 255.104721; 255.285680; 255.107433; 254.714906; 254.238397; 254.048616; 254.157990; 254.897565; 255.885184; 256.300986; 256.219000; 256.161451; 256.832331; 257.143229; 257.190585; 257.489592; 258.161128; 258.956999; 259.552628; 259.919137; 260.203302; 260.244668; 259.145468; 258.158118; 257.852018; 257.702917; 257.340670; 256.776750; 256.707489; 256.582558; 255.586535; 254.275799; 251.854599; (); (); (); (); (); (); (); (); (); (); (); (); (); (); (); (); (); (); (); (); (); (); (); (); (); (); (); (); (); (); (); (); (); (); (); (); (); (); (); (); (); (); (); (); (); (); (); (); (); (); (); (); (); (); (); (); 
37934.6; 07:27:11; (); (); (); (); (); (); (); (); (); (); (); (); (); (); (); 262.046188; 261.847496; 261.726260; 261.700928; 261.635721; 261.286497; 260.915607; 260.746300; 260.482490; 259.997398; 259.402663; 258.822441; 258.427262; 258.049965; 257.726222; 257.455736; 257.123500; 256.782353; 256.171107; 255.557239; 255.250782; 255.188495; 255.017817; 254.731685; 254.475355; 254.546404; 254.485667; 254.208833; 254.028380; 254.027426; 254.084319; 253.572047; 253.041387; 253.469110; 254.180938; 254.393727; 254.145682; 253.773719; 253.407061; 253.251880; 253.335565; 253.415644; 253.854543; 254.509598; 255.314589; 256.068468; 256.689817; 257.344544; 257.727116; 257.748038; 258.120894; 258.546591; 258.611768; 258.551627; 258.158535; 257.498056; 256.854862; 256.341815; 255.739152; 254.976422; 254.033148; 253.084540; 252.437383; 251.644164; 250.755221; 249.650165; 248.979822; 248.714343; (); (); (); (); (); (); (); (); (); (); (); (); (); (); (); (); (); (); (); (); (); (); (); (); (); (); (); (); (); (); (); (); (); (); (); (); (); (); (); (); (); (); (); (); (); (); (); (); (); (); (); (); (); (); (); (); (); 
37935.5; 07:27:17; (); (); (); (); (); (); (); (); (); (); (); (); (); (); (); 263.347298; 262.833387; 262.373626; 262.192130; 262.122840; 261.778712; 261.253327; 260.635346; 259.898096; 259.486288; 259.050131; 258.521914; 258.114010; 257.995605; 257.894546; 257.752061; 257.536024; 257.266313; 256.957620; 256.742328; 256.755561; 256.925166; 256.885618; 256.355196; 255.804449; 255.775124; 255.838364; 255.314559; 254.686624; 254.007280; 253.361315; 253.203332; 253.218502; 252.706736; 252.140909; 252.060145; 252.349079; 252.463400; 252.544791; 252.358913; 252.077520; 252.075434; 252.429992; 252.913713; 253.420383; 254.397839; 255.422175; 255.992919; 256.456584; 257.073581; 257.369936; 257.349223; 257.827908; 258.058906; 257.866293; 257.689148; 257.411093; 256.760627; 256.228149; 256.008118; 255.375683; 254.389703; 253.979325; 253.800780; 253.161639; 252.341539; 251.273066; 249.916568; (); (); (); (); (); (); (); (); (); (); (); (); (); (); (); (); (); (); (); (); (); (); (); (); (); (); (); (); (); (); (); (); (); (); (); (); (); (); (); (); (); (); (); (); (); (); (); (); (); (); (); (); (); (); (); (); (); 
37936.5; 07:27:22; (); (); (); (); (); (); (); (); (); (); (); (); (); (); (); 260.949790; 260.769576; 260.682076; 260.694712; 260.385126; 259.880632; 259.530872; 259.471893; 259.245098; 258.800685; 258.263350; 257.959604; 257.906020; 257.838130; 257.641762; 257.479161; 257.473707; 257.346749; 257.012844; 256.818920; 256.723255; 256.129533; 255.296230; 254.552513; 254.551470; 254.166037; 253.323227; 252.659440; 251.687825; 250.922650; 250.560820; 249.615759; 248.445064; 247.844294; 248.189807; 248.642266; 249.001592; 249.096572; 248.940036; 248.601303; 248.877242; 249.169901; 249.494493; 250.485033; 252.083719; 253.173441; 254.347503; 255.333960; 256.208360; 256.440103; 256.678253; 257.349461; 257.573962; 257.694036; 257.798702; 257.455260; 256.962299; 256.458014; 255.949438; 255.174935; 254.218638; 253.095686; 252.560169; 251.790911; 250.893414; 249.965012; 249.046832; 248.729378; 248.369858; (); (); (); (); (); (); (); (); (); (); (); (); (); (); (); (); (); (); (); (); (); (); (); (); (); (); (); (); (); (); (); (); (); (); (); (); (); (); (); (); (); (); (); (); (); (); (); (); (); (); (); (); (); (); (); (); 
37937.5; 07:27:27; (); (); (); (); (); (); (); (); (); (); (); (); (); (); (); 263.662994; 263.106495; 262.620598; 262.342662; 262.196451; 261.871189; 261.453539; 260.750085; 259.895712; 259.461522; 259.051025; 258.467615; 258.114249; 258.144796; 258.145005; 258.125067; 258.188277; 258.120567; 258.000225; 257.778376; 257.564425; 257.562846; 257.530123; 257.124156; 256.559283; 256.519616; 256.556660; 256.033599; 255.321056; 254.554838; 253.673106; 253.183156; 253.037363; 252.362788; 251.682073; 251.486987; 251.851499; 251.963019; 251.946867; 251.657784; 251.152456; 251.114577; 251.298845; 251.601160; 252.147526; 253.022224; 253.785342; 254.543602; 255.270362; 256.006658; 256.559223; 256.578088; 257.051975; 257.413477; 257.449001; 257.547200; 257.350922; 256.868124; 256.299943; 255.767912; 255.318135; 254.570931; 253.702998; 253.558218; 253.169984; 252.210379; 251.138061; 249.724418; 248.369858; (); (); (); (); (); (); (); (); (); (); (); (); (); (); (); (); (); (); (); (); (); (); (); (); (); (); (); (); (); (); (); (); (); (); (); (); (); (); (); (); (); (); (); (); (); (); (); (); (); (); (); (); (); (); (); (); 
37938.5; 07:27:33; (); (); (); (); (); (); (); (); (); (); (); (); (); (); (); 260.667086; 260.674626; 260.443926; 259.902418; 259.430528; 259.201944; 258.986026; 259.063691; 258.949220; 259.208709; 259.593993; 259.899944; 260.101974; 260.010511; 259.880215; 259.739697; 259.401202; 259.293407; 259.421349; 259.769201; 260.165066; 260.683417; 261.047781; 261.176407; 260.968268; 260.540634; 259.876549; 259.179056; 258.823425; 258.960903; 259.285718; 259.579897; 259.887278; 259.932011; 259.283304; 258.681327; 257.827401; 257.015139; 256.438315; 255.873621; 255.436212; 255.400121; 255.498707; 255.260795; 254.599065; 253.780276; 252.882987; 252.049863; 251.617730; 251.779944; 251.741290; 251.378447; 250.881881; 250.762701; 251.125038; 251.727700; 252.069771; 252.221197; 252.613753; 253.300607; 253.807098; 253.747582; 253.548712; 253.230333; 252.910316; 252.809256; 253.392458; 253.752202; 252.403498; 248.999283; 243.416801; 236.801416; 234.871432; 232.450023; 230.966926; 229.053661; 225.526288; (); (); (); (); (); (); (); (); (); (); (); (); (); (); (); (); (); (); (); (); (); (); (); (); (); (); (); (); (); (); (); (); (); (); (); (); (); (); (); (); (); (); (); (); (); (); (); (); 
37939.6; 07:27:39; (); (); (); (); (); (); (); (); (); (); (); (); (); (); (); (); (); (); (); (); (); (); 261.429757; 261.105865; 260.879457; 260.707110; 260.545641; 260.450035; 260.235310; 259.786278; 259.291977; 258.992344; 258.861899; 258.421212; 257.963628; 257.783562; 257.615030; 257.508248; 257.368237; 257.189065; 257.140517; 256.865025; 256.536365; 256.419748; 256.303668; 256.242871; 255.973637; 255.314410; 254.849344; 254.255921; 253.783405; 253.353179; 252.825618; 252.572924; 252.255857; 251.498222; 251.013637; 250.871241; 251.010239; 250.793904; 250.207901; 249.738768; 249.473944; 249.444023; 249.570280; 249.716774; 249.974266; 250.560373; 251.111716; 251.554728; 252.157271; 252.788454; 253.021121; 253.476799; 254.322976; 254.654109; 254.948378; 255.272418; 255.496591; 255.691290; 255.751222; 255.479783; 255.068392; 254.202634; 250.417799; 246.999815; 246.177495; 245.187476; 243.894339; 242.535800; 241.331547; 240.023822; 238.980323; (); (); (); (); (); (); (); (); (); (); (); (); (); (); (); (); (); (); (); (); (); (); (); (); (); (); (); (); (); (); (); (); (); (); (); (); (); (); (); (); (); (); (); (); (); (); (); 
37940.6; 07:27:44; (); (); (); (); (); (); (); (); (); (); (); (); (); (); (); (); (); (); (); (); (); (); 254.455656; 255.083978; 255.726933; 255.897045; 256.021172; 256.157130; 256.271511; 256.288171; 256.244928; 256.420076; 256.897956; 257.110834; 257.290334; 257.369280; 257.295400; 257.063389; 256.597728; 256.303132; 256.264925; 256.312996; 256.415099; 256.439149; 256.308198; 256.011218; 255.727082; 255.262017; 254.750371; 254.384667; 254.058689; 253.464103; 252.595186; 252.271324; 252.228528; 251.469612; 250.016332; 249.385789; 249.453187; 249.312639; 249.056309; 248.634681; 248.182192; 247.884631; 247.787878; 247.883633; 248.461038; 249.659806; 250.797927; 251.317739; 251.955092; 253.120333; 253.985822; 254.332930; 255.114794; 255.499244; 255.594343; 255.920708; 256.134897; 255.819798; 255.503863; 255.203873; 254.627615; 253.817111; 253.609985; 253.520668; 252.818733; 252.077192; 251.051754; 250.119478; 250.189930; (); (); (); (); (); (); (); (); (); (); (); (); (); (); (); (); (); (); (); (); (); (); (); (); (); (); (); (); (); (); (); (); (); (); (); (); (); (); (); (); (); (); (); (); (); (); (); (); (); 
37941.6; 07:27:50; (); (); (); (); (); (); (); (); (); (); (); (); (); (); (); (); (); (); (); (); (); (); 260.370970; 259.935945; 259.536058; 259.336323; 259.013981; 258.862734; 258.891374; 258.751959; 258.415461; 258.041710; 257.835001; 257.863075; 257.769585; 257.584661; 257.252574; 257.170767; 257.157266; 256.905437; 256.751865; 256.646693; 256.507576; 256.537318; 256.531388; 256.308705; 255.947322; 255.510807; 254.884809; 254.459023; 254.118443; 253.667414; 253.057033; 252.343863; 251.732707; 251.626134; 251.510412; 250.974208; 250.236243; 250.132889; 250.407428; 250.447839; 250.253618; 250.114799; 249.991298; 250.039607; 250.210255; 250.508875; 251.342058; 252.630681; 253.526002; 254.026681; 254.576594; 255.317211; 255.556792; 255.875140; 256.449997; 256.473541; 256.458163; 256.616145; 256.315678; 255.858690; 255.592227; 255.372822; 254.525661; 253.753006; 253.538072; 253.211111; 252.495170; 251.343966; 249.989033; (); (); (); (); (); (); (); (); (); (); (); (); (); (); (); (); (); (); (); (); (); (); (); (); (); (); (); (); (); (); (); (); (); (); (); (); (); (); (); (); (); (); (); (); (); (); (); (); (); 
37942.6; 07:27:55; (); (); (); (); (); (); (); (); (); (); (); (); (); (); (); (); (); (); (); (); (); (); 259.085923; 258.512467; 257.990390; 257.615417; 257.464588; 257.425725; 257.490247; 257.444948; 257.319212; 256.904513; 256.926745; 257.042199; 257.084906; 256.950051; 256.633669; 256.781071; 256.961972; 256.957889; 256.972075; 257.040441; 257.149071; 257.163644; 257.110506; 256.716132; 256.171495; 255.338252; 254.478097; 253.837615; 253.518403; 252.985686; 252.087653; 251.650691; 251.662970; 251.561016; 250.992894; 250.271112; 250.122517; 250.185609; 250.081450; 249.852806; 249.618113; 249.449447; 249.561533; 249.658674; 249.994278; 250.786930; 252.036273; 252.831787; 253.120393; 253.600180; 254.342824; 254.720479; 255.184621; 255.624920; 255.588740; 255.610108; 255.762935; 255.562901; 255.306333; 255.108863; 254.536241; 253.744751; 253.250688; 253.084004; 252.752513; 251.926303; 250.964433; 249.792963; 249.559462; (); (); (); (); (); (); (); (); (); (); (); (); (); (); (); (); (); (); (); (); (); (); (); (); (); (); (); (); (); (); (); (); (); (); (); (); (); (); (); (); (); (); (); (); (); (); (); (); (); 
37943.6; 07:28:01; (); (); (); (); (); (); (); (); (); (); (); (); (); (); (); (); (); (); (); (); (); (); (); 261.842251; 261.148393; 260.544211; 260.132313; 259.916037; 259.813040; 259.678483; 259.378016; 258.838326; 258.329839; 258.224845; 258.128911; 257.928252; 257.687777; 257.359326; 257.364720; 257.371962; 257.244408; 257.150561; 256.985366; 256.895304; 256.933659; 256.816745; 256.417185; 255.835384; 255.006135; 254.355192; 253.944725; 253.527075; 252.930343; 252.177984; 251.273632; 250.931889; 250.857443; 250.425220; 249.538168; 249.090433; 249.191120; 249.198779; 248.978570; 248.826221; 248.560920; 248.624519; 248.736888; 249.034792; 249.736965; 251.028091; 252.216548; 252.939671; 253.473550; 254.303843; 254.831582; 255.351216; 255.968332; 256.097436; 255.972445; 256.210536; 256.042689; 255.727738; 255.334318; 255.070746; 254.241377; 253.238708; 252.716303; 252.445161; 251.625657; 250.472963; 248.983443; (); (); (); (); (); (); (); (); (); (); (); (); (); (); (); (); (); (); (); (); (); (); (); (); (); (); (); (); (); (); (); (); (); (); (); (); (); (); (); (); (); (); (); (); (); (); (); (); (); 
37944.6; 07:28:06; (); (); (); (); (); (); (); (); (); (); (); (); (); (); (); (); (); (); (); (); (); (); (); 258.318126; 257.671654; 256.720036; 256.247818; 256.115049; 256.025523; 255.975276; 256.064355; 255.832076; 255.815566; 256.019592; 256.010503; 255.930871; 255.669028; 255.827218; 256.144077; 256.321579; 256.608099; 256.745845; 256.833017; 257.036358; 257.056147; 256.717026; 256.264448; 255.221307; 253.971249; 253.134847; 252.703160; 252.203912; 251.282930; 250.862181; 250.959992; 250.943094; 250.617087; 250.231773; 250.071704; 250.149190; 250.063777; 249.823257; 249.892488; 249.939710; 250.175953; 250.400245; 250.884265; 251.904845; 252.997547; 253.545582; 253.649324; 253.956586; 254.496127; 254.940957; 255.288750; 255.485445; 255.244374; 255.106211; 255.134463; 254.795372; 254.568189; 254.207999; 253.717273; 253.225267; 253.135294; 253.071785; 252.783179; 252.038151; 251.006871; 250.075549; 250.422150; (); (); (); (); (); (); (); (); (); (); (); (); (); (); (); (); (); (); (); (); (); (); (); (); (); (); (); (); (); (); (); (); (); (); (); (); (); (); (); (); (); (); (); (); (); (); (); (); (); 
37945.6; 07:28:11; (); (); (); (); (); (); (); (); (); (); (); (); (); (); (); (); (); (); (); (); (); (); (); 260.603279; 259.444743; 258.298069; 257.506788; 256.940812; 256.721556; 256.667942; 256.511986; 256.252646; 255.979836; 256.015569; 256.449968; 256.678909; 256.809384; 256.615043; 256.714225; 257.225394; 257.482946; 257.704616; 257.965535; 257.967204; 258.019030; 258.211821; 257.995635; 257.387310; 256.595641; 255.350292; 254.288584; 253.423363; 252.595514; 251.775324; 250.701249; 249.927521; 249.725953; 249.636501; 249.318555; 248.662502; 248.013079; 247.868150; 247.665107; 247.467890; 247.455791; 247.684658; 248.090312; 248.414859; 248.892173; 250.232130; 251.650184; 252.238810; 252.433866; 252.861202; 253.823459; 254.405290; 254.783779; 255.036116; 254.909277; 254.939288; 255.013078; 254.744053; 254.646659; 254.659444; 254.247487; 253.289223; 252.737731; 252.625495; 252.231687; 251.139939; 249.829784; (); (); (); (); (); (); (); (); (); (); (); (); (); (); (); (); (); (); (); (); (); (); (); (); (); (); (); (); (); (); (); (); (); (); (); (); (); (); (); (); (); (); (); (); (); (); (); (); (); 
37946.6; 07:28:17; (); (); (); (); (); (); (); (); (); (); (); (); (); (); (); (); (); (); (); (); (); (); (); 258.140445; 256.937504; 255.821615; 255.116224; 254.818469; 254.685491; 254.616976; 254.715919; 254.689634; 254.671484; 255.072653; 255.442113; 255.732507; 255.834311; 256.096363; 256.667882; 257.183850; 257.771522; 258.167684; 258.365989; 258.720219; 259.137571; 259.123355; 258.717716; 257.820070; 256.547570; 255.389720; 254.433155; 253.725290; 252.761990; 251.914710; 251.744568; 251.772314; 251.755327; 251.570314; 251.222432; 250.897795; 250.645846; 250.432909; 250.226140; 250.369489; 250.701278; 250.903755; 251.256108; 252.307326; 253.806263; 254.899949; 255.668700; 256.329119; 256.711572; 256.779999; 256.780446; 256.922960; 257.358640; 258.159190; 259.012938; 259.860903; 260.766357; 261.308372; 261.412472; 261.150748; 260.584593; 260.163069; 260.017365; 260.261714; 260.710299; 261.297911; 261.897147; 262.126803; (); (); (); (); (); (); (); (); (); (); (); (); (); (); (); (); (); (); (); (); (); (); (); (); (); (); (); (); (); (); (); (); (); (); (); (); (); (); (); (); (); (); (); (); (); (); (); (); 
37947.5; 07:28:22; (); (); (); (); (); (); (); (); (); (); (); (); (); (); (); (); (); (); (); (); (); (); (); (); (); (); (); 223.317578; 226.949364; 230.175808; 232.101142; 233.697101; 235.017881; 236.162424; 241.498709; 250.289291; 253.911823; 255.434543; 255.941540; 256.009907; 255.772173; 255.417854; 255.407840; 255.441189; 255.497396; 255.694896; 256.049246; 256.432682; 256.632179; 256.648391; 256.657392; 256.649971; 256.332666; 255.576253; 255.134523; 254.932612; 254.736632; 254.351348; 253.835320; 253.360480; 252.884388; 252.539992; 252.377689; 252.291858; 251.823217; 251.167417; 251.163453; 251.306087; 251.274407; 251.104802; 251.174867; 251.706511; 252.608508; 253.318310; 253.938079; 254.674762; 255.346864; 256.023049; 256.597489; 257.295966; 257.946551; 258.100957; 258.577764; 259.232521; 259.811789; 260.243535; 260.317296; 260.508448; 260.992527; 261.552900; 261.822581; 261.782855; (); (); (); (); (); (); (); (); (); (); (); (); (); (); (); (); (); (); (); (); (); (); (); (); (); (); (); (); (); (); (); (); (); (); (); (); (); (); (); (); (); (); (); (); (); (); (); (); 
37948.5; 07:28:27; (); (); (); (); (); (); (); (); (); (); (); (); (); (); (); (); (); (); (); (); (); (); (); (); (); (); (); 233.344853; 234.797210; 236.025408; 236.830920; 237.564251; 238.351792; 239.040688; 239.819154; 246.639237; 250.699580; 251.403242; 251.764208; 252.237201; 252.745360; 253.175884; 253.637612; 254.013509; 254.702628; 255.324215; 255.852491; 256.457984; 257.065326; 257.458627; 257.926822; 258.149624; 257.595241; 256.986082; 256.140262; 255.000770; 254.208714; 253.735334; 253.211647; 252.608538; 252.541512; 252.274990; 251.619220; 251.136482; 251.217574; 251.109838; 250.856221; 250.553191; 250.271112; 250.181228; 250.185758; 250.503510; 251.518607; 253.180444; 254.089504; 254.091442; 254.697531; 255.903780; 256.442696; 256.541699; 256.802052; 256.804883; 256.968200; 257.030040; 256.666750; 256.053537; 255.321980; 254.142493; 253.016800; 252.604991; 252.485573; 252.056360; 251.013309; 249.284491; 247.773334; (); (); (); (); (); (); (); (); (); (); (); (); (); (); (); (); (); (); (); (); (); (); (); (); (); (); (); (); (); (); (); (); (); (); (); (); (); (); (); (); (); (); (); (); (); 
37949.5; 07:28:33; (); (); (); (); (); (); (); (); (); (); (); (); (); (); (); (); (); (); (); (); (); (); (); (); (); (); 260.093749; 259.065926; 257.792622; 257.128656; 256.597191; 256.311893; 256.205469; 256.443530; 256.213874; 255.714536; 255.514890; 255.715132; 256.113470; 256.626725; 257.191598; 257.603735; 257.972717; 258.300871; 258.619338; 258.760899; 258.719444; 258.614749; 258.583933; 258.672714; 258.574635; 258.016497; 257.235795; 256.477565; 255.567729; 254.558891; 253.836155; 253.129095; 252.407998; 251.604348; 251.281798; 251.333296; 251.265466; 250.799805; 250.291407; 250.094801; 249.891922; 249.585822; 249.350190; 249.358475; 249.373630; 249.592707; 249.907494; 250.392288; 251.552850; 252.907723; 253.472745; 253.719270; 254.359215; 255.009353; 255.344272; 255.922645; 256.439626; 256.592602; 256.833047; 256.846875; 256.430000; 256.215602; 256.128907; 255.439818; 254.502058; 254.156291; 254.037499; 253.193587; 252.232999; (); (); (); (); (); (); (); (); (); (); (); (); (); (); (); (); (); (); (); (); (); (); (); (); (); (); (); (); (); (); (); (); (); (); (); (); (); (); (); (); (); (); (); (); (); 
37950.5; 07:28:38; (); (); (); (); (); (); (); (); (); (); (); (); (); (); (); (); (); (); (); (); (); (); (); (); (); (); 258.527488; 257.507920; 256.548673; 255.786449; 255.241305; 255.049706; 255.087048; 255.194247; 255.166262; 254.650652; 254.336894; 254.400462; 254.490882; 254.587144; 254.628330; 255.048722; 255.492002; 255.835205; 256.159753; 256.363273; 256.423175; 256.519616; 256.627291; 256.614625; 256.378442; 255.969703; 255.025774; 254.074395; 253.380179; 252.651542; 251.922697; 251.285791; 250.975877; 251.131684; 251.218230; 250.887513; 250.423670; 250.173628; 250.126481; 249.923810; 249.843404; 250.055313; 250.315636; 250.663280; 250.986189; 251.536995; 252.434880; 253.313929; 253.539115; 253.508627; 253.929049; 254.498571; 254.842520; 255.425721; 255.939424; 256.034255; 255.853862; 255.827338; 255.886823; 255.831838; 255.135030; 253.835440; 252.492100; 251.907796; 251.798630; 251.372188; 250.639141; 249.340817; 247.532830; 246.415600; (); (); (); (); (); (); (); (); (); (); (); (); (); (); (); (); (); (); (); (); (); (); (); (); (); (); (); (); (); (); (); (); (); (); (); (); (); (); (); (); (); (); (); (); 
37951.5; 07:28:43; (); (); (); (); (); (); (); (); (); (); (); (); (); (); (); (); (); (); (); (); (); (); (); (); (); (); (); (); (); 255.786449; 252.350450; 252.708673; 252.583474; 252.561897; 252.608955; 252.707541; 253.149956; 255.598813; 257.008612; 257.198066; 256.814599; 256.604224; 256.613463; 256.578535; 256.449729; 256.189197; 256.208718; 256.384194; 256.433159; 256.500095; 256.482929; 256.511062; 256.558686; 256.554753; 256.214589; 255.594492; 254.941136; 254.372627; 253.941357; 253.608912; 253.186971; 252.345532; 251.935184; 251.879245; 251.204044; 250.697017; 250.566930; 250.378847; 249.840036; 249.636248; 249.347582; 248.977005; 248.697996; 248.639390; 248.982280; 250.044525; 251.322031; 251.558155; 251.923233; 252.959341; 253.782749; 254.107445; 254.511982; 254.498631; 254.351109; 254.378021; 254.186958; 254.001677; 253.926933; 253.760248; 253.115982; 252.736449; 252.645642; 252.218157; 251.204878; 250.074416; (); (); (); (); (); (); (); (); (); (); (); (); (); (); (); (); (); (); (); (); (); (); (); (); (); (); (); (); (); (); (); (); (); (); (); (); (); (); (); (); (); (); (); (); 
37952.4; 07:28:49; (); (); (); (); (); (); (); (); (); (); (); (); (); (); (); (); (); (); (); (); (); (); (); (); (); (); (); (); (); (); 257.056206; 256.223798; 255.668581; 255.210608; 254.866123; 254.878163; 254.973799; 255.243242; 255.881578; 255.669355; 255.669683; 255.735248; 255.936891; 256.020457; 255.772769; 255.905628; 256.222367; 256.540835; 256.940007; 257.270455; 257.476360; 257.730812; 257.748157; 257.494509; 256.992400; 256.251335; 255.563468; 254.932910; 254.588425; 254.298627; 253.680170; 253.324330; 253.182054; 252.752542; 252.209634; 251.792490; 251.624256; 251.606405; 251.557708; 251.662016; 252.000391; 252.670676; 253.601104; 254.614860; 255.459398; 256.303906; 256.955981; 257.758856; 258.415371; 258.691609; 258.741379; 258.713037; 258.621365; 258.413345; 258.070886; 257.593185; 257.112920; 256.694257; 256.413281; 256.061733; 255.481094; 254.588604; 253.367752; 252.829909; 252.684951; 252.484918; 252.150238; 252.021909; 252.199203; 252.230555; (); (); (); (); (); (); (); (); (); (); (); (); (); (); (); (); (); (); (); (); (); (); (); (); (); (); (); (); (); (); (); (); (); (); (); (); (); (); (); (); 
37953.4; 07:28:54; (); (); (); (); (); (); (); (); (); (); (); (); (); (); (); (); (); (); (); (); (); (); (); (); (); (); (); (); (); (); (); (); 252.348214; 252.734572; 252.794534; 252.580315; 252.485096; 252.440691; 252.525568; 254.432946; 256.657183; 256.998360; 256.786972; 256.205618; 256.049871; 256.117284; 256.369621; 256.426454; 256.237268; 256.366044; 256.716847; 257.018864; 257.173777; 257.305920; 257.364810; 257.411480; 257.446826; 257.259429; 256.732255; 256.098121; 255.533397; 255.017996; 254.756093; 254.425347; 253.860682; 253.299892; 253.059357; 253.169030; 253.003776; 252.396971; 251.968175; 252.085298; 252.422631; 252.516657; 252.392024; 252.324969; 252.659976; 253.059328; 253.660262; 254.719526; 255.936265; 256.684095; 257.053345; 257.248104; 257.969290; 258.510172; 258.635759; 258.916080; 259.102643; 259.325892; 259.102345; 258.259833; 257.924914; 257.923961; 257.435501; 256.733388; 255.791247; 255.445868; 255.280048; 254.669279; (); (); (); (); (); (); (); (); (); (); (); (); (); (); (); (); (); (); (); (); (); (); (); (); (); (); (); (); (); (); (); (); (); (); (); (); (); (); (); (); 
37954.4; 07:29:00; (); (); (); (); (); (); (); (); (); (); (); (); (); (); (); (); (); (); (); (); (); (); (); (); (); (); (); (); (); (); (); (); 257.556647; 256.842345; 256.219298; 255.826801; 255.501002; 255.373657; 255.505413; 255.759150; 256.500930; 256.282270; 255.959272; 255.859345; 255.757838; 255.570680; 255.365133; 255.555063; 255.923867; 256.111473; 256.347120; 256.613255; 256.855905; 256.859213; 256.782621; 256.356955; 255.899429; 255.402654; 254.968256; 254.573166; 254.287183; 253.924400; 253.324240; 252.877891; 252.894133; 252.895683; 252.520531; 251.840442; 251.274377; 250.855625; 250.938237; 251.288116; 251.605690; 251.680046; 251.810074; 252.042174; 252.357692; 252.765179; 253.330559; 253.661543; 253.952563; 254.320562; 254.882097; 255.896449; 256.931067; 257.092476; 257.154554; 257.443100; 258.157104; 258.921862; 259.541065; 260.018587; 260.155708; 259.989709; 259.509385; 258.857787; 258.071065; 257.033080; 255.813271; 255.295485; 255.178332; 254.628837; 253.946006; 252.655894; 250.969261; (); (); (); (); (); (); (); (); (); (); (); (); (); (); (); (); (); (); (); (); (); (); (); (); (); (); (); (); (); (); (); (); (); (); (); 
37955.5; 07:29:05; (); (); (); (); (); (); (); (); (); (); (); (); (); (); (); (); (); (); (); (); (); (); (); (); (); (); (); (); (); (); (); (); (); (); (); (); 258.315563; 258.123308; 258.327991; 258.576155; 258.582950; 258.567303; 258.647114; 258.994967; 259.476721; 259.193063; 258.777201; 258.595467; 258.115292; 257.599950; 257.235676; 257.042170; 256.745279; 256.398708; 256.176054; 256.083935; 255.776405; 255.236417; 255.278140; 255.562723; 255.394489; 255.101711; 254.798800; 255.054414; 255.012304; 254.657447; 254.713893; 255.094349; 255.254298; 255.140901; 254.805565; 254.809767; 254.845917; 254.440457; 254.304171; 254.329681; 254.224926; 254.015774; 254.076421; 254.872203; 255.444616; 255.436391; 255.453914; 255.536586; 255.785942; 256.173790; 256.511450; 256.744146; 256.890982; 257.121682; 257.411182; 257.581443; 257.523715; 256.907403; 256.129771; 255.568475; 254.717588; 253.672987; 253.185719; 252.835035; 252.355754; 251.785964; 251.220405; 250.533938; 249.816105; (); (); (); (); (); (); (); (); (); (); (); (); (); (); (); (); (); (); (); (); (); (); (); (); (); (); (); (); (); (); (); (); (); (); (); 
37956.5; 07:29:10; (); (); (); (); (); (); (); (); (); (); (); (); (); (); (); (); (); (); (); (); (); (); (); (); (); (); (); (); (); (); (); (); (); (); (); (); 255.258977; 255.495280; 255.842060; 256.077647; 256.305605; 256.321102; 256.274581; 256.455898; 256.567717; 256.517649; 256.403029; 256.304860; 256.481469; 256.688803; 256.736487; 256.577373; 256.525457; 256.542563; 256.585032; 256.398529; 256.181389; 255.855918; 255.498588; 255.315870; 255.139858; 254.861534; 254.472107; 253.760904; 252.973020; 252.760947; 252.581894; 252.057523; 251.402527; 251.084894; 251.397133; 251.884967; 251.979113; 251.794130; 251.625061; 251.781881; 252.409458; 253.417671; 254.341245; 254.914552; 255.165339; 255.892962; 256.955415; 257.545978; 257.270604; 257.014543; 257.273197; 257.851988; 258.434027; 259.071589; 259.769619; 260.090768; 259.897858; 259.439856; 259.025246; 258.475006; 257.932454; 257.341862; 257.351518; 257.817566; 257.731020; 257.080436; 256.662965; (); (); (); (); (); (); (); (); (); (); (); (); (); (); (); (); (); (); (); (); (); (); (); (); (); (); (); (); (); (); (); (); (); (); (); (); (); 
37957.4; 07:29:16; (); (); (); (); (); (); (); (); (); (); (); (); (); (); (); (); (); (); (); (); (); (); (); (); (); (); (); (); (); (); (); (); (); (); (); (); 261.657059; 261.206061; 260.698736; 260.099202; 259.348184; 258.890271; 258.678198; 258.803010; 259.155989; 258.959919; 258.586854; 258.360326; 258.233130; 258.181810; 258.328199; 258.246779; 258.005977; 257.737368; 257.471710; 257.275552; 257.018924; 256.655425; 255.981833; 255.137980; 254.739910; 254.592627; 254.282564; 253.830820; 253.621042; 253.613025; 253.355980; 252.840996; 252.867818; 253.284544; 253.438979; 253.328413; 253.151506; 253.181249; 253.324002; 253.281116; 253.311485; 253.698170; 254.244208; 253.959775; 253.663421; 253.888816; 254.062206; 254.124224; 254.534453; 255.166709; 255.573839; 256.010562; 256.645203; 256.590158; 255.941391; 255.853236; 255.950242; 256.129622; 256.404161; 256.503910; 256.811172; 257.303894; 257.370561; 257.167995; 256.941736; 257.220507; 257.425070; (); (); (); (); (); (); (); (); (); (); (); (); (); (); (); (); (); (); (); (); (); (); (); (); (); (); (); (); (); (); (); (); (); (); (); (); (); 
37958.4; 07:29:21; (); (); (); (); (); (); (); (); (); (); (); (); (); (); (); (); (); (); (); (); (); (); (); (); (); (); (); (); (); (); (); (); (); (); (); (); 261.016369; 260.118127; 259.343207; 259.348273; 259.724438; 259.899020; 259.763092; 259.446770; 259.103090; 258.926481; 259.058118; 259.128004; 258.726299; 257.977188; 257.440448; 257.586479; 257.803440; 257.560670; 256.843954; 256.297112; 256.368518; 256.959885; 257.760584; 258.545309; 258.328497; 257.557124; 256.860971; 256.529152; 256.487787; 256.598324; 256.813645; 257.426590; 257.949591; 258.345664; 258.527368; 258.114696; 257.440180; 256.739110; 256.229460; 256.265491; 256.540269; 256.751865; 256.931931; 257.185668; 257.289052; 257.102162; 256.910771; 256.853461; 256.644577; 256.517500; 256.895065; 257.184148; 257.165730; 257.140040; 257.187754; 256.985247; 256.532311; 256.045014; 255.375683; 254.800349; 254.513532; 254.239172; 254.084468; 254.059196; 253.436893; 251.939327; 257.425070; (); (); (); (); (); (); (); (); (); (); (); (); (); (); (); (); (); (); (); (); (); (); (); (); (); (); (); (); (); (); (); (); (); (); (); (); (); 
37959.3; 07:29:26; (); (); (); (); (); (); (); (); (); (); (); (); (); (); (); (); (); (); (); (); (); (); (); (); (); (); (); (); (); (); (); (); (); (); 256.630808; 257.124126; 257.822394; 258.051008; 257.767946; 257.526487; 257.468969; 258.278549; 258.951515; 259.398133; 259.478599; 258.965850; 258.547664; 258.607268; 258.864999; 258.719981; 258.261234; 257.776856; 257.743895; 257.823735; 257.727057; 257.378280; 256.980479; 256.883860; 257.146031; 257.755458; 258.553863; 258.462280; 257.714421; 256.889135; 256.576717; 256.542295; 256.749898; 257.138073; 257.647961; 258.053631; 258.362770; 258.619100; 258.578569; 258.138418; 257.778525; 257.703364; 257.974684; 258.188486; 258.497328; 258.735210; 258.703500; 258.564293; 258.386672; 258.311808; 258.342534; 258.093953; 257.902712; 258.136243; 258.401513; 258.140266; 257.974029; 257.994652; 257.703722; 257.232726; 257.046640; 256.904840; 256.638914; 256.345034; 256.107062; 256.055117; 256.158173; 255.508393; (); (); (); (); (); (); (); (); (); (); (); (); (); (); (); (); (); (); (); (); (); (); (); (); (); (); (); (); (); (); (); (); (); (); (); (); (); (); 
37960.3; 07:29:32; (); (); (); (); (); (); (); (); (); (); (); (); (); (); (); (); (); (); (); (); (); (); (); (); (); (); (); (); (); (); (); (); (); (); 260.301292; 260.490149; 259.845704; 259.134591; 258.797795; 259.080887; 259.468347; 259.711176; 260.004401; 259.882063; 259.423375; 259.308606; 259.605914; 259.565741; 259.043872; 258.389860; 258.205771; 258.599788; 258.681625; 258.471549; 257.717669; 257.403642; 257.580936; 258.135021; 258.873552; 259.256065; 258.631468; 257.760584; 257.235616; 256.894886; 256.741166; 256.891966; 257.144183; 257.587969; 258.024573; 258.452266; 258.369803; 257.816970; 257.158458; 256.806761; 256.857574; 257.199764; 257.437408; 257.765204; 258.105576; 258.309126; 258.122474; 257.846296; 257.737041; 257.450521; 257.097244; 257.155985; 257.504076; 257.483602; 257.263005; 257.197767; 257.109016; 256.780326; 256.298989; 255.862415; 255.237371; 254.736483; 254.557401; 254.392326; 254.422367; 254.246801; 253.109604; 251.636833; (); (); (); (); (); (); (); (); (); (); (); (); (); (); (); (); (); (); (); (); (); (); (); (); (); (); (); (); (); (); (); (); (); (); (); (); (); (); 
37961.3; 07:29:37; (); (); (); (); (); (); (); (); (); (); (); (); (); (); (); (); (); (); (); (); (); (); (); (); (); (); (); (); (); (); (); (); 258.733451; 259.096235; 259.624809; 259.967834; 260.588706; 261.145234; 261.287361; 261.109382; 260.807782; 260.571539; 260.470659; 260.244757; 260.082394; 259.974688; 259.748310; 259.450316; 258.923352; 258.317888; 257.662416; 256.629467; 255.614012; 255.298525; 255.520880; 255.894005; 256.009281; 255.962729; 255.897582; 255.440116; 254.861087; 254.479736; 254.020542; 253.694803; 253.594667; 253.748029; 253.914356; 254.082233; 254.243940; 254.239500; 254.322618; 254.856497; 255.536705; 255.930036; 256.495208; 257.069945; 257.429153; 257.841527; 258.321732; 258.482188; 258.495420; 258.611858; 258.550227; 258.753330; 258.969158; 258.675188; 258.015752; 257.483631; 257.022560; 256.367296; 255.783379; 255.374759; 254.765928; 254.341662; 254.002094; 253.798723; 253.626883; 253.263772; 252.355248; 251.384318; 250.624657; 250.040293; (); (); (); (); (); (); (); (); (); (); (); (); (); (); (); (); (); (); (); (); (); (); (); (); (); (); (); (); (); (); (); (); (); (); (); (); (); (); 
37962.3; 07:29:43; (); (); (); (); (); (); (); (); (); (); (); (); (); (); (); (); (); (); (); (); (); (); (); (); (); (); (); (); (); (); (); (); 261.052936; 261.216313; 261.469394; 261.501670; 260.851324; 260.188639; 259.859622; 259.960353; 260.178566; 260.261357; 260.058016; 259.522378; 259.140521; 259.066135; 259.404749; 259.456545; 258.897603; 258.404404; 258.250326; 258.509874; 258.654922; 258.341134; 257.781059; 257.444292; 257.646680; 258.369714; 259.168953; 259.166479; 258.594781; 257.620305; 256.908476; 256.527334; 256.398708; 256.665558; 256.990433; 257.291228; 257.683158; 258.040220; 258.098572; 257.517338; 256.851196; 256.447613; 256.528646; 256.676227; 256.902277; 257.279873; 257.778674; 257.987678; 257.876158; 257.772267; 257.853031; 257.646263; 257.248759; 257.244468; 257.604182; 257.591069; 257.519603; 257.514268; 257.449210; 257.150590; 256.604522; 256.021500; 255.404711; 254.735768; 254.379809; 254.142523; 254.125684; 253.823102; 252.760589; 251.434952; (); (); (); (); (); (); (); (); (); (); (); (); (); (); (); (); (); (); (); (); (); (); (); (); (); (); (); (); (); (); (); (); (); (); (); (); (); (); 
37963.3; 07:29:48; (); (); (); (); (); (); (); (); (); (); (); (); (); (); (); (); (); (); (); (); (); (); (); (); (); (); (); (); (); (); (); (); 258.281201; 258.624852; 259.094536; 259.362489; 260.030061; 260.681033; 260.860324; 260.675430; 260.324776; 260.125697; 260.064602; 259.780765; 259.489894; 259.353310; 259.169400; 258.739442; 258.247048; 257.854700; 257.203430; 256.142884; 255.170554; 254.813343; 254.897118; 255.375952; 255.575240; 255.560458; 255.524695; 255.234063; 254.670709; 254.243016; 253.922492; 253.640056; 253.577679; 253.755182; 253.749877; 253.870964; 254.044145; 254.021108; 254.155070; 254.811883; 255.369544; 255.642235; 256.119400; 256.773829; 257.164091; 257.593274; 258.020341; 258.080631; 258.056700; 258.208066; 258.188576; 258.337855; 258.616775; 258.311242; 257.546484; 257.035971; 256.663710; 256.086826; 255.481422; 255.049706; 254.570633; 254.119426; 253.819823; 253.697157; 253.530592; 253.092349; 252.236456; 251.333922; 250.631899; 250.135183; (); (); (); (); (); (); (); (); (); (); (); (); (); (); (); (); (); (); (); (); (); (); (); (); (); (); (); (); (); (); (); (); (); (); (); (); (); (); 
37964.3; 07:29:54; (); (); (); (); (); (); (); (); (); (); (); (); (); (); (); (); (); (); (); (); (); (); (); (); (); (); (); (); (); (); (); (); 260.848582; 260.987043; 261.289030; 261.394411; 260.825604; 260.066390; 259.701073; 259.736955; 259.984732; 260.053605; 259.966254; 259.545356; 259.041488; 258.932978; 259.121418; 259.191364; 258.617938; 258.031428; 257.939100; 258.168519; 258.172721; 257.902235; 257.360607; 257.076800; 257.342607; 258.061498; 258.701980; 258.834809; 258.277386; 257.306516; 256.632775; 256.324679; 256.181091; 256.366134; 256.823897; 257.335424; 257.671446; 258.029968; 257.942706; 257.495105; 256.935060; 256.450444; 256.461173; 256.691575; 256.968796; 257.377326; 257.733583; 257.849783; 257.692993; 257.517368; 257.517606; 257.294118; 257.030368; 257.139832; 257.389665; 257.386267; 257.312208; 257.297784; 257.173181; 256.862968; 256.410956; 255.999595; 255.482614; 254.974633; 254.699260; 254.453361; 254.501402; 254.245043; 253.266484; 251.757324; (); (); (); (); (); (); (); (); (); (); (); (); (); (); (); (); (); (); (); (); (); (); (); (); (); (); (); (); (); (); (); (); (); (); (); (); (); (); 
