Roll Number; 3
Recipe Name; FP 4577_360 GSM
Start Time; 2017-11-20; 07:44:16
File Name; D:\Mahlo\TR\171120074416FP 4577_360 GSM3_FMI2.txt

38123.8; 07:44:27; (); (); (); (); (); (); (); (); (); (); (); (); (); (); (); (); (); (); (); (); (); (); (); (); (); (); (); (); (); (); (); (); (); (); (); (); (); (); (); (); (); (); (); (); (); (); (); (); (); (); (); (); (); 257.869899; 257.830769; 257.803530; 257.784098; 257.861316; 258.013576; 258.119822; 258.124888; 257.992417; 257.614672; 257.123142; 256.763905; 256.530374; 256.219000; 255.807281; 255.223066; 254.454345; 253.981739; 253.870577; 253.291011; 252.484679; 252.238423; 252.508700; 252.893686; 253.024876; 252.846211; 252.622783; 252.706498; 253.042042; 253.392637; 253.940076; 254.801869; 255.823195; 256.683201; 257.404804; 258.169860; 258.405447; 258.144766; 258.104801; 258.512229; 259.107858; 259.860933; 260.534078; (); (); (); (); (); (); (); (); (); (); (); (); (); (); (); (); (); (); (); (); (); (); (); (); (); (); (); (); (); (); (); (); (); (); (); (); (); (); (); (); (); (); (); (); 
38125.6; 07:44:32; (); (); (); (); (); (); (); (); (); (); (); (); (); (); (); (); (); (); (); (); (); (); (); (); (); (); (); (); (); (); (); (); (); (); (); (); (); (); (); (); (); 261.769354; 261.304557; 261.060327; 260.696620; 260.466754; 260.412276; 260.249972; 259.811789; 259.342611; 259.043157; 258.902520; 258.634120; 258.317322; 258.045018; 257.924050; 257.965386; 257.908225; 257.841736; 257.931650; 258.084595; 258.217573; 258.353978; 258.390456; 258.182853; 257.807076; 257.388353; 257.201165; 256.976008; 256.637990; 256.084681; 255.392939; 254.883140; 254.655689; 254.035383; 253.227800; 252.818674; 252.977580; 253.212094; 253.324032; 253.271043; 253.098041; 253.119379; 253.454566; 253.842086; 254.300416; 255.057126; 256.147116; 256.994277; 257.672071; 258.282781; 258.324087; 257.993907; 257.916331; 258.204341; 258.712262; (); (); (); (); (); (); (); (); (); (); (); (); (); (); (); (); (); (); (); (); (); (); (); (); (); (); (); (); (); (); (); (); (); (); (); (); (); (); (); (); (); (); (); (); 
38126.6; 07:44:38; (); (); (); (); (); (); (); (); (); (); (); (); (); (); (); (); (); (); (); (); (); (); (); (); (); (); (); (); (); (); (); (); (); (); (); (); (); (); (); (); (); 257.282495; 257.430136; 257.460833; 257.608503; 257.710040; 257.670790; 257.689863; 257.811725; 258.072972; 258.035630; 258.085638; 258.193135; 258.128792; 258.145899; 257.935166; 257.611245; 257.641733; 257.770896; 257.806599; 257.803082; 257.785976; 257.426977; 256.953835; 256.503284; 256.347924; 256.072849; 255.736321; 255.375981; 254.690737; 254.243135; 254.159182; 253.709853; 252.812058; 252.205670; 252.174795; 252.477109; 252.739877; 252.792120; 252.621084; 252.605498; 252.872169; 253.041953; 253.279716; 254.028976; 254.864126; 255.650610; 256.569356; 257.430434; 258.113533; 258.153796; 258.257240; 258.624882; 258.711666; 258.736193; 258.748889; 258.363098; 257.713199; 257.345051; 257.025868; 256.430417; 255.622834; 255.232751; 254.930288; 254.267275; 253.553838; 252.615452; 251.973778; (); (); (); (); (); (); (); (); (); (); (); (); (); (); (); (); (); (); (); (); (); (); (); (); (); (); (); (); (); (); (); (); 
38127.5; 07:44:43; (); (); (); (); (); (); (); (); (); (); (); (); (); (); (); (); (); (); (); (); (); (); (); (); (); (); (); (); (); (); (); (); (); (); (); (); (); (); (); (); (); 261.878103; 261.344284; 261.074722; 260.748386; 260.476023; 260.337889; 260.192335; 259.761155; 259.294599; 259.001464; 258.846492; 258.481801; 258.137345; 257.924318; 257.841706; 257.875621; 257.872820; 257.921189; 258.079618; 258.264750; 258.477241; 258.626878; 258.582294; 258.117676; 257.657170; 257.332504; 257.174730; 256.980658; 256.641835; 256.171376; 255.428016; 254.927248; 254.778296; 254.137486; 253.071010; 252.449036; 252.667964; 253.015459; 253.215164; 253.106087; 252.913952; 252.975076; 253.382862; 253.663957; 254.178822; 255.064309; 255.886793; 256.595403; 257.444829; 258.368611; 258.819252; 258.738130; 258.890569; 259.162039; 259.191364; 259.199381; 259.098768; 258.568197; 257.694155; 257.155836; 256.735146; 255.956173; 255.192488; 254.660845; 254.030138; 253.252059; 252.340496; 251.527727; (); (); (); (); (); (); (); (); (); (); (); (); (); (); (); (); (); (); (); (); (); (); (); (); (); (); (); (); (); (); (); 
38128.5; 07:44:48; (); (); (); (); (); (); (); (); (); (); (); (); (); (); (); (); (); (); (); (); (); (); (); (); (); (); (); (); (); (); (); (); (); (); (); (); (); (); (); (); (); 257.167429; 257.250160; 257.295758; 257.411599; 257.520288; 257.492572; 257.532209; 257.675171; 257.925391; 257.927597; 257.932097; 257.915795; 257.957071; 258.068979; 257.962704; 257.921129; 257.919163; 258.043140; 258.225352; 258.338511; 258.304477; 258.029312; 257.618457; 257.243156; 257.057011; 256.752849; 256.439149; 255.967736; 255.262315; 254.754841; 254.595101; 254.265875; 253.491074; 252.677143; 252.671629; 252.839327; 252.911806; 252.817720; 252.577335; 252.493799; 252.773851; 253.079981; 253.432333; 254.358351; 255.215675; 255.787313; 256.282777; 257.094055; 257.836461; 257.896423; 258.156180; 258.652896; 258.894205; 258.921832; 258.889943; 258.336067; 257.583410; 257.226884; 256.879032; 256.085515; 255.424738; 255.234897; 254.808098; 254.108846; 253.481507; 252.603322; 251.678258; 251.465589; (); (); (); (); (); (); (); (); (); (); (); (); (); (); (); (); (); (); (); (); (); (); (); (); (); (); (); (); (); (); (); 
38129.5; 07:44:54; (); (); (); (); (); (); (); (); (); (); (); (); (); (); (); (); (); (); (); (); (); (); (); (); (); (); (); (); (); (); (); (); (); (); (); (); (); (); (); (); (); 261.615276; 261.157215; 260.928512; 260.531962; 260.328114; 260.225087; 260.035634; 259.661406; 259.318322; 258.977890; 258.775473; 258.505344; 258.238345; 258.008122; 257.851601; 257.883072; 257.855028; 257.842988; 258.058608; 258.198678; 258.340985; 258.472681; 258.488595; 258.091539; 257.675618; 257.350534; 257.070631; 256.813228; 256.416112; 255.829275; 255.107492; 254.617482; 254.438698; 253.812194; 252.830535; 252.318650; 252.464116; 252.705097; 252.779365; 252.608895; 252.410054; 252.505779; 252.845824; 253.184736; 253.727645; 254.750162; 255.798817; 256.538987; 257.151157; 257.999867; 258.588821; 258.500099; 258.884847; 259.406179; 259.573668; 259.570658; 259.530008; 258.909672; 258.155733; 257.640660; 257.190585; 256.449401; 255.622506; 255.225569; 254.598379; 253.817171; 252.970576; 252.095342; (); (); (); (); (); (); (); (); (); (); (); (); (); (); (); (); (); (); (); (); (); (); (); (); (); (); (); (); (); (); (); 
38130.5; 07:44:59; (); (); (); (); (); (); (); (); (); (); (); (); (); (); (); (); (); (); (); (); (); (); (); (); (); (); (); (); (); (); (); (); (); (); (); (); (); (); (); (); (); 258.263618; 258.120269; 258.014292; 258.059680; 258.032054; 257.968187; 257.961959; 258.131206; 258.381158; 258.262902; 258.148134; 258.081973; 257.986665; 258.013725; 257.832825; 257.640392; 257.724464; 257.875741; 257.966995; 257.999808; 257.901669; 257.468224; 256.841987; 256.435692; 256.329268; 256.132126; 255.756348; 255.310237; 254.599363; 254.074007; 253.927767; 253.469437; 252.714247; 252.107769; 252.040952; 252.426535; 252.672225; 252.685070; 252.525866; 252.363503; 252.551436; 252.753139; 253.066421; 253.750354; 254.670054; 255.532533; 256.241292; 257.006019; 257.576317; 257.654071; 257.762849; 258.101791; 258.103162; 258.023322; 258.067578; 257.705241; 256.966501; 256.471962; 256.071836; 255.338997; 254.767329; 254.403174; 254.079133; 253.437608; 252.662808; 251.766801; 251.060665; 252.095342; (); (); (); (); (); (); (); (); (); (); (); (); (); (); (); (); (); (); (); (); (); (); (); (); (); (); (); (); (); (); (); 
38131.4; 07:45:04; (); (); (); (); (); (); (); (); (); (); (); (); (); (); (); (); (); (); (); (); (); (); (); (); (); (); (); (); (); (); (); (); (); (); (); (); (); (); (); (); (); 261.705905; 261.205614; 260.866046; 260.554850; 260.335594; 260.208398; 260.060400; 259.668291; 259.243578; 258.958638; 258.768618; 258.432269; 258.061260; 257.911623; 257.807642; 257.754356; 257.700086; 257.758260; 257.868290; 258.129537; 258.222431; 258.269876; 258.137345; 257.805914; 257.309049; 257.000446; 256.888449; 256.687045; 256.363302; 255.897373; 255.157113; 254.629463; 254.374176; 253.813922; 252.846569; 252.381086; 252.458364; 252.736300; 252.813518; 252.695650; 252.509832; 252.571046; 252.896458; 253.221095; 253.809899; 254.638970; 255.710900; 256.583244; 257.282317; 258.023769; 258.496672; 258.479655; 258.689672; 259.047210; 259.083182; 259.066015; 258.859456; 258.213699; 257.534623; 257.051498; 256.568432; 255.742788; 254.894733; 254.451901; 253.878921; 253.044426; 252.055317; (); (); (); (); (); (); (); (); (); (); (); (); (); (); (); (); (); (); (); (); (); (); (); (); (); (); (); (); (); (); (); (); 
38132.4; 07:45:10; (); (); (); (); (); (); (); (); (); (); (); (); (); (); (); (); (); (); (); (); (); (); (); (); (); (); (); (); (); (); (); (); (); (); (); (); (); (); (); (); (); 257.473797; 257.354110; 257.276565; 257.290304; 257.298529; 257.319957; 257.396251; 257.510364; 257.645160; 257.660121; 257.705420; 257.785052; 257.767469; 257.821947; 257.755637; 257.616401; 257.747054; 257.953584; 258.112550; 258.186847; 258.078843; 257.732809; 257.164747; 256.653845; 256.331652; 256.003976; 255.674213; 255.196303; 254.497528; 253.887087; 253.672510; 253.243923; 252.499402; 252.019048; 251.954556; 252.223700; 252.446383; 252.474874; 252.365977; 252.406120; 252.568483; 252.721965; 252.970964; 253.673732; 254.790783; 255.695939; 256.211638; 256.919682; 257.622451; 257.790655; 257.953197; 258.286148; 258.425176; 258.408576; 258.382142; 258.053511; 257.491052; 257.069796; 256.596714; 255.955577; 255.375952; 255.040735; 254.628569; 253.979623; 253.307402; 252.402395; 251.699775; (); (); (); (); (); (); (); (); (); (); (); (); (); (); (); (); (); (); (); (); (); (); (); (); (); (); (); (); (); (); (); (); 
38140.1; 07:45:51; (); (); (); (); (); (); (); (); (); (); (); (); (); (); (); (); (); (); (); (); (); (); (); (); (); (); (); (); (); (); (); (); (); (); (); (); (); (); (); (); (); 260.487854; 260.287225; 260.046273; 259.957045; 259.829670; 259.578556; 259.497046; 259.407550; 259.270936; 259.014845; 258.545756; 258.336365; 258.267820; 258.263826; 258.207053; 258.133709; 258.133501; 258.276165; 258.348763; 258.399427; 258.409083; 258.147418; 257.741719; 257.296801; 257.211596; 257.177681; 256.752074; 256.201684; 255.569547; 254.932612; 254.601538; 254.021913; 253.037483; 252.477854; 252.525538; 252.825320; 252.939135; 252.804816; 252.568007; 252.506465; 252.807170; 253.302723; 253.752261; 254.259497; 254.868716; 255.408943; 256.549269; 257.515848; 257.882476; 257.928193; 258.135855; 258.734465; 259.240806; 259.356469; 259.375811; 258.820236; 258.007199; 257.392913; 257.109940; 256.699026; 256.000817; 255.295813; 255.029052; 254.699588; 254.124552; 253.003210; 251.704872; 251.250505; (); (); (); (); (); (); (); (); (); (); (); (); (); (); (); (); (); (); (); (); (); (); (); (); (); (); (); (); (); (); (); 
38141.0; 07:45:56; (); (); (); (); (); (); (); (); (); (); (); (); (); (); (); (); (); (); (); (); (); (); (); (); (); (); (); (); (); (); (); (); (); (); (); (); (); (); (); (); (); 262.449414; 261.952072; 261.753440; 261.491358; 261.263490; 261.150211; 260.891974; 260.357857; 259.826720; 259.422243; 259.119749; 258.713126; 258.356661; 258.256644; 258.286059; 258.352846; 258.311957; 258.262992; 258.337349; 258.297920; 258.141249; 258.169264; 258.121043; 257.794231; 257.252038; 256.884217; 256.897569; 256.615967; 256.163955; 255.632848; 255.050421; 254.803121; 254.671574; 254.233718; 253.653854; 253.499329; 253.928661; 254.315197; 254.453927; 254.385352; 254.219949; 254.319608; 254.783422; 255.087584; 255.449057; 255.797774; 256.333977; 257.145286; 257.991701; 258.730799; 259.025574; 258.701742; 259.109259; 259.695828; 259.812981; 259.883642; 259.719491; 258.906007; 257.911444; 257.554531; 257.194847; 256.486982; 255.684495; 255.233854; 254.539698; 253.764838; 252.912432; 251.936674; (); (); (); (); (); (); (); (); (); (); (); (); (); (); (); (); (); (); (); (); (); (); (); (); (); (); (); (); (); (); (); 
38142.0; 07:46:02; (); (); (); (); (); (); (); (); (); (); (); (); (); (); (); (); (); (); (); (); (); (); (); (); (); (); (); (); (); (); (); (); (); (); (); (); (); (); (); (); (); 259.936601; 259.909749; 259.805858; 259.765029; 259.683400; 259.369820; 259.112984; 259.022772; 258.919358; 258.714616; 258.451521; 258.387208; 258.577645; 258.548349; 258.546710; 258.512229; 258.518547; 258.597791; 258.540243; 258.495063; 258.572966; 258.398056; 258.028716; 257.596910; 257.476151; 257.261068; 256.741792; 256.168783; 255.413979; 254.792422; 254.628330; 254.173607; 253.166974; 252.826482; 253.040522; 253.326952; 253.475875; 253.391325; 253.116637; 253.073215; 253.744215; 254.404247; 254.939109; 255.437374; 256.135106; 256.776065; 257.588238; 258.507490; 258.997381; 258.917987; 259.078979; 259.656578; 260.270625; 260.446280; 260.429800; 259.614289; 258.521587; 258.079171; 257.774353; 257.177860; 256.415397; 256.000221; 255.636692; 255.023658; 254.526705; 253.687888; 252.358735; 251.907080; (); (); (); (); (); (); (); (); (); (); (); (); (); (); (); (); (); (); (); (); (); (); (); (); (); (); (); (); (); (); (); 
38143.0; 07:46:07; (); (); (); (); (); (); (); (); (); (); (); (); (); (); (); (); (); (); (); (); (); (); (); (); (); (); (); (); (); (); (); (); (); (); (); (); (); (); (); (); (); 262.728095; 262.278408; 261.942983; 261.652023; 261.526078; 261.387348; 261.120200; 260.647625; 260.028750; 259.597212; 259.292930; 258.848161; 258.512706; 258.442581; 258.432984; 258.439749; 258.430064; 258.476794; 258.605689; 258.671850; 258.674175; 258.719563; 258.696437; 258.363426; 257.817626; 257.381231; 257.332563; 257.105500; 256.603867; 256.083429; 255.360544; 254.969269; 254.845202; 254.254967; 253.479421; 253.202409; 253.442168; 253.774881; 254.010081; 253.989667; 253.787488; 253.877968; 254.413188; 255.125314; 255.576193; 256.185085; 256.756485; 257.312983; 258.105814; 258.714437; 259.063780; 259.078324; 259.499282; 260.210246; 260.502040; 260.514736; 260.359585; 259.484828; 258.481979; 258.087605; 257.815450; 257.248104; 256.558627; 256.164372; 255.782396; 255.038351; 254.106373; 253.227115; (); (); (); (); (); (); (); (); (); (); (); (); (); (); (); (); (); (); (); (); (); (); (); (); (); (); (); (); (); (); (); 
38143.9; 07:46:12; (); (); (); (); (); (); (); (); (); (); (); (); (); (); (); (); (); (); (); (); (); (); (); (); (); (); (); (); (); (); (); (); (); (); (); (); (); (); (); (); (); 259.869516; 259.830654; 259.758055; 259.772718; 259.649545; 259.386718; 259.208709; 259.176463; 259.134620; 258.957982; 258.664846; 258.591354; 258.669615; 258.576721; 258.477777; 258.441538; 258.452207; 258.512646; 258.373290; 258.254111; 258.242399; 258.032143; 257.670492; 257.262260; 257.150203; 257.032543; 256.434321; 255.969763; 255.435973; 254.984260; 254.842937; 254.200876; 253.231764; 252.871960; 253.179014; 253.482431; 253.603190; 253.496557; 253.173590; 253.163338; 253.831148; 254.570425; 255.046695; 255.513906; 255.922079; 256.550014; 257.656246; 258.512616; 259.042174; 259.016216; 259.193659; 259.693533; 260.226488; 260.456264; 260.297567; 259.481281; 258.521497; 257.891089; 257.485449; 256.875426; 256.051213; 255.580276; 255.385816; 254.902095; 254.110247; 253.030032; 251.766920; 253.227115; (); (); (); (); (); (); (); (); (); (); (); (); (); (); (); (); (); (); (); (); (); (); (); (); (); (); (); (); (); (); (); 
38144.9; 07:46:18; (); (); (); (); (); (); (); (); (); (); (); (); (); (); (); (); (); (); (); (); (); (); (); (); (); (); (); (); (); (); (); (); (); (); (); (); (); (); (); (); (); 262.543887; 262.017637; 261.693418; 261.389583; 261.129975; 260.981321; 260.739446; 260.196388; 259.713084; 259.346813; 259.072632; 258.705556; 258.368760; 258.268028; 258.252442; 258.248001; 258.254588; 258.307070; 258.431435; 258.540064; 258.523941; 258.540183; 258.552581; 258.263677; 257.677197; 257.304162; 257.284164; 257.029444; 256.467223; 255.847096; 255.158365; 254.865825; 254.707038; 254.236370; 253.441304; 253.251284; 253.582537; 253.902525; 254.113793; 254.053593; 253.885925; 253.997445; 254.554152; 255.152047; 255.867302; 256.339371; 256.811708; 257.547677; 258.318037; 258.941382; 259.319395; 259.271204; 259.551287; 260.055721; 260.274470; 260.295898; 260.032266; 259.331316; 258.345544; 257.818490; 257.672340; 257.119507; 256.286293; 255.822510; 255.326957; 254.492968; 253.608644; (); (); (); (); (); (); (); (); (); (); (); (); (); (); (); (); (); (); (); (); (); (); (); (); (); (); (); (); (); (); (); (); 
38145.9; 07:46:23; (); (); (); (); (); (); (); (); (); (); (); (); (); (); (); (); (); (); (); (); (); (); (); (); (); (); (); (); (); (); (); (); (); (); (); (); (); (); (); (); (); 260.211080; 260.099053; 260.037124; 260.062128; 259.802818; 259.476542; 259.355277; 259.289801; 259.159952; 258.968979; 258.748263; 258.656681; 258.694947; 258.677781; 258.502036; 258.414268; 258.447200; 258.438945; 258.331895; 258.400261; 258.421302; 258.179069; 257.761359; 257.483393; 257.400364; 257.175386; 256.613225; 256.125003; 255.487531; 255.000025; 254.864454; 254.260391; 253.223330; 252.978474; 253.289133; 253.514260; 253.522962; 253.308892; 253.053188; 253.126413; 253.614157; 254.224777; 254.693568; 255.341589; 255.983055; 256.650567; 257.689714; 258.593023; 258.979380; 258.928001; 259.244651; 259.875029; 260.261238; 260.404050; 260.269910; 259.464830; 258.486032; 257.966757; 257.546902; 256.831735; 256.154805; 255.797416; 255.475640; 254.981786; 254.353732; 253.402889; 252.419949; 251.954347; (); (); (); (); (); (); (); (); (); (); (); (); (); (); (); (); (); (); (); (); (); (); (); (); (); (); (); (); (); (); (); 
38146.9; 07:46:28; (); (); (); (); (); (); (); (); (); (); (); (); (); (); (); (); (); (); (); (); (); (); (); (); (); (); (); (); (); (); (); (); (); (); (); (); (); (); (); (); (); 262.541533; 262.059778; 261.799246; 261.424482; 261.160165; 261.049986; 260.796368; 260.376006; 259.915352; 259.464920; 259.237379; 258.829474; 258.400798; 258.362323; 258.409917; 258.406878; 258.382440; 258.394748; 258.507818; 258.679897; 258.648127; 258.635521; 258.573622; 258.167356; 257.623285; 257.257521; 257.232636; 256.993800; 256.489336; 255.933106; 255.263209; 254.811585; 254.691154; 254.218638; 253.391743; 253.193170; 253.479332; 253.792554; 254.008770; 253.887117; 253.643543; 253.733337; 254.433453; 254.982829; 255.466372; 256.103188; 256.758809; 257.414013; 258.262873; 259.019196; 259.406269; 259.359032; 259.600997; 260.214299; 260.597885; 260.660172; 260.465533; 259.546816; 258.557439; 257.985502; 257.598609; 257.000297; 256.233603; 255.731881; 255.177736; 254.388452; 253.695428; 252.727151; (); (); (); (); (); (); (); (); (); (); (); (); (); (); (); (); (); (); (); (); (); (); (); (); (); (); (); (); (); (); (); 
38147.8; 07:46:34; (); (); (); (); (); (); (); (); (); (); (); (); (); (); (); (); (); (); (); (); (); (); (); (); (); (); (); (); (); (); (); (); (); (); (); (); (); (); (); (); (); 260.122448; 259.963870; 259.870440; 259.870917; 259.707153; 259.456158; 259.275526; 259.272695; 259.214967; 258.899122; 258.636892; 258.528113; 258.561403; 258.449227; 258.356810; 258.307785; 258.375734; 258.447438; 258.374095; 258.328497; 258.261025; 258.040369; 257.637352; 257.279992; 257.239133; 257.052839; 256.630093; 256.053835; 255.460560; 255.017430; 254.885137; 254.172325; 253.280222; 252.992332; 253.211856; 253.569454; 253.661931; 253.465533; 253.220528; 253.217161; 253.709376; 254.302591; 254.720986; 255.352229; 255.973101; 256.587774; 257.514566; 258.391082; 258.874923; 258.983493; 259.174079; 259.714276; 260.034472; 260.145366; 260.009050; 259.160876; 258.233339; 257.731169; 257.296532; 256.726205; 256.069154; 255.562365; 255.271733; 254.741669; 254.089147; 253.024876; 252.054840; 251.790076; (); (); (); (); (); (); (); (); (); (); (); (); (); (); (); (); (); (); (); (); (); (); (); (); (); (); (); (); (); (); (); 
38148.8; 07:46:39; (); (); (); (); (); (); (); (); (); (); (); (); (); (); (); (); (); (); (); (); (); (); (); (); (); (); (); (); (); (); (); (); (); (); (); (); (); (); (); (); (); 262.277663; 261.879027; 261.653125; 261.340231; 261.147469; 261.020392; 260.774136; 260.344356; 259.831637; 259.337246; 259.066433; 258.746475; 258.362383; 258.162588; 258.157253; 258.101314; 257.995039; 257.975817; 258.082896; 258.150935; 258.095294; 258.058250; 258.051842; 257.677287; 257.107079; 256.693155; 256.646812; 256.561875; 256.114513; 255.511403; 254.977196; 254.701942; 254.683554; 254.118383; 253.393322; 253.027499; 253.305376; 253.667086; 253.978074; 253.966630; 253.789157; 253.794879; 254.292995; 255.007267; 255.513459; 256.010979; 256.450117; 257.054925; 257.968217; 258.657187; 259.104550; 259.070039; 259.383827; 259.910524; 260.266006; 260.386109; 260.266840; 259.566754; 258.557826; 258.006990; 257.845402; 257.350057; 256.597787; 256.062448; 255.714238; 255.074173; 254.227132; 251.790076; (); (); (); (); (); (); (); (); (); (); (); (); (); (); (); (); (); (); (); (); (); (); (); (); (); (); (); (); (); (); (); 
38149.8; 07:46:44; (); (); (); (); (); (); (); (); (); (); (); (); (); (); (); (); (); (); (); (); (); (); (); (); (); (); (); (); (); (); (); (); (); (); (); (); (); (); (); (); (); 260.129005; 259.988099; 259.880871; 259.927779; 259.718001; 259.432316; 259.237558; 259.221911; 259.173125; 258.983582; 258.656442; 258.455932; 258.526444; 258.427471; 258.309394; 258.223921; 258.310348; 258.359462; 258.253455; 258.263707; 258.306891; 258.096457; 257.603317; 257.231116; 257.124692; 256.973207; 256.395459; 255.915284; 255.346119; 254.842430; 254.817635; 254.289806; 253.369957; 252.891839; 253.075242; 253.375947; 253.502995; 253.353924; 253.069252; 253.131866; 253.681928; 254.347205; 254.737943; 255.294055; 255.827725; 256.348461; 257.316381; 258.270741; 258.810222; 258.802086; 259.036571; 259.585381; 260.120422; 260.295182; 260.238647; 259.441167; 258.405596; 257.995993; 257.629454; 257.003933; 256.309181; 255.830348; 255.546957; 254.902393; 254.236013; 253.377199; 252.303362; 251.891524; (); (); (); (); (); (); (); (); (); (); (); (); (); (); (); (); (); (); (); (); (); (); (); (); (); (); (); (); (); (); (); 
38150.8; 07:46:50; (); (); (); (); (); (); (); (); (); (); (); (); (); (); (); (); (); (); (); (); (); (); (); (); (); (); (); (); (); (); (); (); (); (); (); (); (); (); (); (); (); 262.077779; 261.720955; 261.445552; 261.134416; 260.962784; 260.805249; 260.620356; 260.156453; 259.714335; 259.362936; 259.166330; 258.837342; 258.511662; 258.444071; 258.448333; 258.439243; 258.441240; 258.439720; 258.521318; 258.596778; 258.558989; 258.478403; 258.404255; 257.964224; 257.397264; 257.120490; 256.941795; 256.694853; 256.137043; 255.535513; 254.958689; 254.648536; 254.473239; 253.980935; 253.322721; 253.101528; 253.476650; 253.690064; 253.899544; 253.764153; 253.568709; 253.701419; 254.156977; 254.842788; 255.368143; 255.964488; 256.508112; 257.247567; 257.934242; 258.480728; 258.845538; 258.761972; 259.135783; 259.642839; 259.970099; 260.079414; 259.811372; 258.901745; 258.045286; 257.727802; 257.375360; 256.743670; 256.020457; 255.658090; 255.220145; 254.562318; 253.901720; 253.192455; (); (); (); (); (); (); (); (); (); (); (); (); (); (); (); (); (); (); (); (); (); (); (); (); (); (); (); (); (); (); (); 
38151.7; 07:46:55; (); (); (); (); (); (); (); (); (); (); (); (); (); (); (); (); (); (); (); (); (); (); (); (); (); (); (); (); (); (); (); (); (); (); (); (); (); (); (); (); (); 259.676069; 259.628057; 259.533226; 259.490162; 259.332180; 259.099782; 258.910686; 258.913070; 258.800477; 258.565813; 258.284152; 258.125395; 258.150190; 258.160859; 258.081913; 258.026510; 258.049846; 258.123487; 258.024186; 257.934213; 257.984430; 257.710516; 257.328182; 257.104069; 257.096320; 257.013470; 256.465614; 255.945086; 255.270481; 254.746377; 254.644334; 254.118145; 253.297508; 252.897084; 253.162712; 253.395230; 253.580719; 253.396362; 253.113210; 253.064245; 253.618896; 254.375935; 254.956514; 255.668700; 256.338954; 256.802917; 257.610947; 258.673251; 259.242386; 259.248763; 259.529382; 260.092229; 260.551780; 260.749102; 260.717839; 259.938419; 258.822769; 258.122385; 257.616431; 256.994337; 256.384790; 255.864233; 255.563378; 254.961371; 254.308850; 253.125906; 251.827717; 253.192455; (); (); (); (); (); (); (); (); (); (); (); (); (); (); (); (); (); (); (); (); (); (); (); (); (); (); (); (); (); (); (); 
38152.7; 07:47:00; (); (); (); (); (); (); (); (); (); (); (); (); (); (); (); (); (); (); (); (); (); (); (); (); (); (); (); (); (); (); (); (); (); (); (); (); (); (); (); (); (); 262.080640; 261.636436; 261.433005; 261.110097; 260.939449; 260.856688; 260.620445; 260.079175; 259.591937; 259.219587; 258.940637; 258.558303; 258.216858; 258.130312; 258.132607; 258.165419; 258.159697; 258.124799; 258.326024; 258.361995; 258.253306; 258.292794; 258.416861; 258.111894; 257.526398; 257.226616; 257.199109; 256.968141; 256.500483; 256.091148; 255.434006; 255.056143; 254.869044; 254.301101; 253.663689; 253.510624; 253.784209; 253.974557; 254.152924; 254.144490; 253.969669; 254.020780; 254.531473; 255.061448; 255.539834; 256.040901; 256.552547; 257.312924; 258.173585; 258.772671; 259.068340; 258.984387; 259.247452; 259.762406; 260.012746; 260.047704; 259.840101; 259.023577; 258.173585; 257.761359; 257.347912; 256.676167; 255.834252; 255.449027; 255.030543; 254.373491; 253.745407; 252.813101; (); (); (); (); (); (); (); (); (); (); (); (); (); (); (); (); (); (); (); (); (); (); (); (); (); (); (); (); (); (); (); 
38153.7; 07:47:06; (); (); (); (); (); (); (); (); (); (); (); (); (); (); (); (); (); (); (); (); (); (); (); (); (); (); (); (); (); (); (); (); (); (); (); (); (); (); (); (); (); 259.946734; 259.801686; 259.706736; 259.675026; 259.460241; 259.248585; 259.079725; 259.026915; 258.955985; 258.759439; 258.453459; 258.397728; 258.443177; 258.452624; 258.361548; 258.234680; 258.286685; 258.334041; 258.207887; 258.174360; 258.153319; 257.990867; 257.555723; 257.166833; 257.009149; 256.903142; 256.328672; 255.800366; 255.149275; 254.655719; 254.488200; 253.963947; 253.024071; 252.597511; 252.910793; 253.297567; 253.368706; 253.243536; 252.995014; 253.019035; 253.577977; 254.229426; 254.640996; 255.160421; 255.798668; 256.465524; 257.376641; 258.210778; 258.593321; 258.634567; 258.771896; 259.321183; 259.818524; 259.913534; 259.829551; 259.108305; 258.107722; 257.496059; 257.075816; 256.387234; 255.671173; 255.357951; 255.233079; 254.772365; 254.054904; 253.075570; 251.971096; 251.590371; (); (); (); (); (); (); (); (); (); (); (); (); (); (); (); (); (); (); (); (); (); (); (); (); (); (); (); (); (); (); (); 
38154.7; 07:47:11; (); (); (); (); (); (); (); (); (); (); (); (); (); (); (); (); (); (); (); (); (); (); (); (); (); (); (); (); (); (); (); (); (); (); (); (); (); (); (); (); (); 262.098581; 261.749268; 261.587471; 261.296749; 261.126906; 261.003077; 260.834396; 260.298222; 259.794652; 259.446770; 259.269863; 258.865267; 258.493245; 258.324116; 258.341014; 258.321136; 258.282304; 258.322656; 258.433640; 258.478343; 258.394212; 258.353293; 258.356959; 258.026004; 257.468641; 257.120460; 257.095724; 256.969184; 256.441027; 255.881369; 255.300760; 254.816115; 254.547626; 253.974736; 253.300399; 253.125399; 253.527731; 253.878474; 254.146904; 254.172087; 253.816932; 253.807455; 254.267991; 254.913330; 255.327672; 255.950838; 256.715834; 257.422119; 258.231133; 258.745670; 259.042591; 258.912206; 259.122789; 259.653509; 259.959430; 260.073215; 259.970337; 259.021372; 258.091658; 257.576972; 257.196337; 256.517678; 255.779773; 255.366921; 255.022675; 254.277289; 253.412545; 252.593309; (); (); (); (); (); (); (); (); (); (); (); (); (); (); (); (); (); (); (); (); (); (); (); (); (); (); (); (); (); (); (); 
38155.6; 07:47:16; (); (); (); (); (); (); (); (); (); (); (); (); (); (); (); (); (); (); (); (); (); (); (); (); (); (); (); (); (); (); (); (); (); (); (); (); (); (); (); (); (); 260.157257; 259.962350; 259.841084; 259.748667; 259.625137; 259.380996; 259.184241; 259.062320; 258.912444; 258.677572; 258.421570; 258.362770; 258.363366; 258.226126; 258.142084; 258.110434; 258.189589; 258.222610; 258.145034; 258.075684; 258.128494; 257.994264; 257.643431; 257.159233; 257.054150; 256.785989; 256.259769; 255.747676; 255.030662; 254.521102; 254.329532; 253.589988; 252.813637; 252.771854; 253.029615; 253.291786; 253.368646; 253.291428; 253.185451; 253.356397; 253.908366; 254.505515; 254.995435; 255.636632; 256.461501; 257.211417; 258.187622; 258.828312; 259.135127; 259.101391; 259.246528; 259.777218; 260.098487; 260.090083; 259.916753; 259.105921; 258.247167; 257.696480; 257.204056; 256.467968; 255.761445; 255.365700; 255.148441; 254.536599; 253.993124; 253.175735; 252.135515; 251.751691; (); (); (); (); (); (); (); (); (); (); (); (); (); (); (); (); (); (); (); (); (); (); (); (); (); (); (); (); (); (); (); 
38156.6; 07:47:22; (); (); (); (); (); (); (); (); (); (); (); (); (); (); (); (); (); (); (); (); (); (); (); (); (); (); (); (); (); (); (); (); (); (); (); (); (); (); (); (); (); 262.343258; 262.023985; 261.793971; 261.555552; 261.346698; 261.226445; 260.992825; 260.471880; 259.973049; 259.588510; 259.286851; 258.870095; 258.504987; 258.357763; 258.359224; 258.284032; 258.254409; 258.193880; 258.255243; 258.288354; 258.189768; 258.252472; 258.257329; 257.851899; 257.270604; 257.045895; 257.051110; 256.808519; 256.226897; 255.745709; 255.179107; 254.852057; 254.710764; 254.212618; 253.463089; 253.260255; 253.549844; 253.795445; 254.023194; 254.039735; 253.783792; 253.963470; 254.528075; 255.044669; 255.563110; 256.101042; 256.641060; 257.381886; 257.986695; 258.667201; 259.165823; 259.067357; 259.368718; 259.811610; 260.128409; 260.222256; 259.973705; 259.247780; 258.306682; 257.848293; 257.560551; 256.879389; 256.233215; 255.881429; 255.400687; 254.703999; 254.045129; 253.284931; (); (); (); (); (); (); (); (); (); (); (); (); (); (); (); (); (); (); (); (); (); (); (); (); (); (); (); (); (); (); (); 
38157.6; 07:47:27; (); (); (); (); (); (); (); (); (); (); (); (); (); (); (); (); (); (); (); (); (); (); (); (); (); (); (); (); (); (); (); (); (); (); (); (); (); (); (); (); (); 259.836316; 259.724230; 259.588510; 259.602696; 259.433746; 259.208292; 259.032518; 258.974493; 258.845240; 258.677930; 258.433402; 258.306772; 258.338124; 258.319855; 258.303374; 258.293599; 258.438379; 258.573979; 258.516222; 258.528978; 258.526206; 258.352637; 257.970810; 257.556617; 257.564306; 257.485688; 256.977558; 256.426752; 255.739689; 255.278349; 255.164772; 254.689634; 253.605902; 253.008306; 253.194094; 253.594041; 253.650635; 253.436446; 253.158778; 253.018290; 253.583312; 254.262924; 254.652739; 255.229056; 255.943835; 256.633461; 257.477194; 258.392721; 259.035647; 259.028405; 259.206772; 259.808272; 260.345727; 260.606796; 260.548472; 259.709060; 258.700758; 258.178383; 257.823199; 257.198900; 256.479055; 256.036550; 255.714834; 255.100846; 254.504502; 253.697395; 252.421916; 251.908481; (); (); (); (); (); (); (); (); (); (); (); (); (); (); (); (); (); (); (); (); (); (); (); (); (); (); (); (); (); (); (); 
38158.6; 07:47:32; (); (); (); (); (); (); (); (); (); (); (); (); (); (); (); (); (); (); (); (); (); (); (); (); (); (); (); (); (); (); (); (); (); (); (); (); (); (); (); (); (); 262.579620; 262.301594; 262.243509; 262.009352; 261.826813; 261.678994; 261.478394; 260.931998; 260.449737; 260.062546; 259.750783; 259.354770; 259.011477; 258.832127; 258.787751; 258.681327; 258.588791; 258.514076; 258.486092; 258.446038; 258.336961; 258.243561; 258.255571; 257.926762; 257.377982; 257.075787; 257.006735; 256.807804; 256.420523; 255.882442; 255.263358; 254.786521; 254.648387; 254.182518; 253.627181; 253.545403; 253.802031; 254.119247; 254.356682; 254.298061; 254.047811; 254.116982; 254.678994; 255.243897; 255.692780; 256.190509; 256.913304; 257.484496; 258.024275; 258.617729; 258.919090; 258.840889; 259.118736; 259.679824; 259.916604; 259.989411; 259.856641; 258.898139; 258.021533; 257.649958; 257.307261; 256.667286; 255.901963; 255.674750; 255.174398; 254.514575; 253.698677; 252.883166; (); (); (); (); (); (); (); (); (); (); (); (); (); (); (); (); (); (); (); (); (); (); (); (); (); (); (); (); (); (); (); 
38159.6; 07:47:38; (); (); (); (); (); (); (); (); (); (); (); (); (); (); (); (); (); (); (); (); (); (); (); (); (); (); (); (); (); (); (); (); (); (); (); (); (); (); (); (); (); 260.132968; 260.063797; 259.990692; 259.991974; 259.790391; 259.506196; 259.305894; 259.227127; 259.034395; 258.664221; 258.305579; 258.240879; 258.252382; 258.179128; 258.098185; 257.997155; 257.963121; 257.951617; 257.836670; 257.797062; 257.753879; 257.610172; 257.298052; 256.975025; 256.899536; 256.796807; 256.269306; 255.626202; 254.983515; 254.624844; 254.470468; 253.963619; 253.018856; 252.738893; 253.022254; 253.375202; 253.459036; 253.230572; 252.972901; 252.973348; 253.533870; 254.163712; 254.655242; 255.288601; 255.871415; 256.563485; 257.646978; 258.350134; 258.733332; 258.679867; 258.731067; 259.327263; 259.880394; 260.093421; 259.965599; 259.045213; 258.126974; 257.509679; 257.131100; 256.524056; 255.786330; 255.250305; 254.944444; 254.402637; 253.856957; 252.755016; 251.590669; 251.166135; (); (); (); (); (); (); (); (); (); (); (); (); (); (); (); (); (); (); (); (); (); (); (); (); (); (); (); (); (); (); (); 
38160.5; 07:47:43; (); (); (); (); (); (); (); (); (); (); (); (); (); (); (); (); (); (); (); (); (); (); (); (); (); (); (); (); (); (); (); (); (); (); (); (); (); (); (); (); (); 262.227952; 261.896700; 261.719108; 261.416405; 261.306614; 261.266708; 261.083573; 260.683686; 260.157496; 259.684473; 259.409189; 259.023607; 258.606344; 258.554608; 258.567899; 258.604407; 258.547544; 258.497745; 258.612454; 258.593529; 258.463115; 258.405030; 258.396000; 258.141100; 257.623792; 257.275760; 257.272840; 256.941676; 256.422639; 255.842775; 255.220264; 254.901201; 254.781097; 254.378825; 253.716469; 253.428787; 253.779888; 254.057884; 254.217803; 254.111320; 253.858179; 254.090607; 254.798144; 255.288094; 255.667955; 256.193280; 256.858766; 257.593483; 258.277744; 258.895874; 259.264916; 259.190500; 259.537369; 260.139704; 260.354161; 260.378599; 260.266930; 259.383202; 258.318871; 257.817358; 257.592291; 256.912500; 256.136835; 255.644441; 255.227685; 254.437953; 253.479272; 251.166135; (); (); (); (); (); (); (); (); (); (); (); (); (); (); (); (); (); (); (); (); (); (); (); (); (); (); (); (); (); (); (); 
38161.5; 07:47:48; (); (); (); (); (); (); (); (); (); (); (); (); (); (); (); (); (); (); (); (); (); (); (); (); (); (); (); (); (); (); (); (); (); (); (); (); (); (); (); (); (); 260.026246; 259.828329; 259.662271; 259.579211; 259.444624; 259.225965; 259.025842; 258.944631; 258.858502; 258.655846; 258.346856; 258.127779; 258.142263; 258.115023; 257.983357; 257.898420; 257.950455; 258.065194; 258.159131; 258.107543; 258.050829; 257.811487; 257.529348; 257.228404; 257.132560; 256.979913; 256.518126; 255.927294; 255.298555; 254.909068; 254.755765; 254.258126; 253.355652; 252.919585; 253.266811; 253.604829; 253.686547; 253.547668; 253.240705; 253.234953; 253.792405; 254.598975; 255.059421; 255.483866; 256.139010; 256.687880; 257.425308; 258.387923; 258.860856; 258.811325; 258.991569; 259.707570; 260.169536; 260.291308; 260.191292; 259.350270; 258.202702; 257.681817; 257.423282; 256.740183; 256.125748; 255.742431; 255.422026; 254.935503; 254.300892; 253.176242; 251.947820; 251.568884; (); (); (); (); (); (); (); (); (); (); (); (); (); (); (); (); (); (); (); (); (); (); (); (); (); (); (); (); (); (); (); 
