Roll Number; 2
Recipe Name; FP 4577_360 GSM
Start Time; 2017-11-20; 07:26:41
File Name; D:\Mahlo\TR\171120072641FP 4577_360 GSM2_THICKNESS2.txt

37930.2; 07:26:50; (); (); (); (); (); (); (); (); (); (); (); (); (); (); (); (); (); (); (); (); (); (); (); (); 0.305724; 0.306579; 0.308355; 0.309805; 0.309426; 0.310609; 0.310905; 0.309812; 0.308626; 0.309588; 0.312021; 0.312753; 0.313250; 0.314330; 0.315721; 0.318390; 0.321418; 0.323496; 0.324383; 0.324845; 0.325631; 0.328886; 0.334122; 0.338272; 0.341229; 0.342707; 0.345667; 0.346844; 0.346420; 0.343520; 0.339228; 0.336578; 0.334899; 0.336028; 0.337739; 0.338336; 0.338155; 0.336938; 0.335175; 0.333913; 0.332946; 0.331134; 0.330792; 0.331078; 0.333044; (); (); (); (); (); (); (); (); (); (); (); (); (); (); (); (); (); (); (); (); (); (); (); (); (); (); (); (); (); (); (); (); (); (); (); (); (); (); (); (); (); (); (); (); (); (); (); (); (); (); (); (); (); (); (); (); (); (); (); (); (); (); (); (); (); (); (); (); (); (); (); 
37931.6; 07:26:55; (); (); (); (); (); (); (); (); (); (); (); (); (); (); (); (); 0.328926; 0.326423; 0.324539; 0.323468; 0.322467; 0.321772; 0.322474; 0.324811; 0.327250; 0.328647; 0.329078; 0.329410; 0.330534; 0.329000; 0.327479; 0.327556; 0.329706; 0.330841; 0.332081; 0.333086; 0.333336; 0.332668; 0.330002; 0.328716; 0.329295; 0.328804; 0.327937; 0.327571; 0.330458; 0.332782; 0.334052; 0.334942; 0.336086; 0.338512; 0.341519; 0.343180; 0.344059; 0.344238; 0.343765; 0.342601; 0.340928; 0.338328; 0.334799; 0.331783; 0.329347; 0.329977; 0.329775; 0.328504; 0.325862; 0.321929; 0.319742; 0.318373; 0.317061; 0.315948; (); (); (); (); (); (); (); (); (); (); (); (); (); (); (); (); (); (); (); (); (); (); (); (); (); (); (); (); (); (); (); (); (); (); (); (); (); (); (); (); (); (); (); (); (); (); (); (); (); (); (); (); (); (); (); (); (); (); (); (); (); (); (); (); (); (); (); (); (); (); 
37932.6; 07:27:01; (); (); (); (); (); (); (); (); (); (); (); (); (); (); (); (); 0.344754; 0.342074; 0.338900; 0.336476; 0.335732; 0.333153; 0.331292; 0.330822; 0.330908; 0.329732; 0.326963; 0.326239; 0.325004; 0.323248; 0.321443; 0.322302; 0.322820; 0.323416; 0.323613; 0.323284; 0.324245; 0.325307; 0.325519; 0.324883; 0.325330; 0.327443; 0.327968; 0.326563; 0.327254; 0.328476; 0.328595; 0.328941; 0.331391; 0.334121; 0.338213; 0.341169; 0.342420; 0.343857; 0.344639; 0.344284; 0.343351; 0.342947; 0.342957; 0.342699; 0.342656; 0.342739; 0.342808; 0.343282; 0.342930; 0.342261; 0.342928; 0.343779; 0.344521; 0.348475; 0.351134; 0.352834; 0.353884; 0.355156; 0.356288; 0.357004; 0.359448; 0.361416; 0.361338; 0.361390; 0.361190; 0.360314; 0.360314; 0.357168; (); (); (); (); (); (); (); (); (); (); (); (); (); (); (); (); (); (); (); (); (); (); (); (); (); (); (); (); (); (); (); (); (); (); (); (); (); (); (); (); (); (); (); (); (); (); (); (); (); (); (); (); (); (); (); (); 
37933.6; 07:27:06; (); (); (); (); (); (); (); (); (); (); (); (); (); (); (); 0.330406; 0.328997; 0.328595; 0.327198; 0.327202; 0.325077; 0.322832; 0.322833; 0.323655; 0.323809; 0.322864; 0.322825; 0.322584; 0.321226; 0.319927; 0.321798; 0.323490; 0.323226; 0.323421; 0.325523; 0.327879; 0.330128; 0.329896; 0.329750; 0.331644; 0.333641; 0.334215; 0.332900; 0.332325; 0.331974; 0.331254; 0.331151; 0.333997; 0.334576; 0.334971; 0.337399; 0.337254; 0.336530; 0.335199; 0.334379; 0.334541; 0.335950; 0.336737; 0.337645; 0.338920; 0.339918; 0.340614; 0.339104; 0.337172; 0.336104; 0.336850; 0.340301; 0.346025; 0.350301; 0.352969; 0.354614; 0.356060; 0.357804; 0.357806; 0.357493; 0.358018; 0.359249; 0.361823; 0.364378; 0.365585; 0.365791; 0.363225; 0.359777; 0.357168; (); (); (); (); (); (); (); (); (); (); (); (); (); (); (); (); (); (); (); (); (); (); (); (); (); (); (); (); (); (); (); (); (); (); (); (); (); (); (); (); (); (); (); (); (); (); (); (); (); (); (); (); (); (); (); (); 
37934.6; 07:27:11; (); (); (); (); (); (); (); (); (); (); (); (); (); (); (); 0.328435; 0.327730; 0.324999; 0.324382; 0.324257; 0.323913; 0.321324; 0.321703; 0.323350; 0.325891; 0.327113; 0.327340; 0.327590; 0.326829; 0.325497; 0.324749; 0.325857; 0.327431; 0.327094; 0.327349; 0.328629; 0.331137; 0.331597; 0.332202; 0.332460; 0.333614; 0.335769; 0.335417; 0.334471; 0.336196; 0.337048; 0.337595; 0.339764; 0.341761; 0.343380; 0.345090; 0.346306; 0.346924; 0.346876; 0.344783; 0.342066; 0.340397; 0.340009; 0.340388; 0.339360; 0.340215; 0.339668; 0.337261; 0.334301; 0.331514; 0.330780; 0.330696; 0.331727; 0.334847; 0.338090; 0.340081; 0.341785; 0.343261; 0.344021; 0.344115; 0.343196; 0.344251; 0.346560; 0.349314; 0.351803; 0.352442; 0.351952; 0.346783; (); (); (); (); (); (); (); (); (); (); (); (); (); (); (); (); (); (); (); (); (); (); (); (); (); (); (); (); (); (); (); (); (); (); (); (); (); (); (); (); (); (); (); (); (); (); (); (); (); (); (); (); (); (); (); (); (); 
37935.5; 07:27:17; (); (); (); (); (); (); (); (); (); (); (); (); (); (); (); 0.332405; 0.331357; 0.330277; 0.327573; 0.325696; 0.325190; 0.326502; 0.329461; 0.330098; 0.330261; 0.329843; 0.328626; 0.328278; 0.327601; 0.327630; 0.328425; 0.329283; 0.329703; 0.332593; 0.334934; 0.335826; 0.334420; 0.333530; 0.334437; 0.335654; 0.336556; 0.338177; 0.341440; 0.342814; 0.342586; 0.342937; 0.344444; 0.345637; 0.344540; 0.342999; 0.343133; 0.343760; 0.344223; 0.345028; 0.342674; 0.340501; 0.334795; 0.328880; 0.327793; 0.327929; 0.326808; 0.327573; 0.328872; 0.329400; 0.329406; 0.329784; 0.328036; 0.327556; 0.330578; 0.333540; 0.335742; 0.342156; 0.345998; 0.347045; 0.347897; 0.348231; 0.346747; 0.346346; 0.348039; 0.349882; 0.350617; 0.354269; 0.352055; (); (); (); (); (); (); (); (); (); (); (); (); (); (); (); (); (); (); (); (); (); (); (); (); (); (); (); (); (); (); (); (); (); (); (); (); (); (); (); (); (); (); (); (); (); (); (); (); (); (); (); (); (); (); (); (); (); 
37936.5; 07:27:22; (); (); (); (); (); (); (); (); (); (); (); (); (); (); (); 0.331597; 0.327512; 0.325067; 0.324057; 0.321608; 0.318799; 0.318024; 0.318776; 0.321539; 0.323855; 0.324244; 0.323048; 0.321327; 0.319133; 0.318444; 0.319708; 0.321816; 0.322966; 0.324127; 0.326927; 0.329200; 0.331168; 0.332334; 0.330119; 0.329969; 0.331591; 0.332526; 0.332971; 0.334279; 0.335369; 0.335831; 0.336663; 0.338273; 0.339739; 0.340573; 0.341048; 0.341238; 0.341719; 0.343386; 0.342532; 0.340776; 0.339162; 0.337758; 0.337020; 0.337040; 0.338437; 0.338562; 0.338153; 0.338567; 0.338314; 0.339004; 0.340830; 0.342114; 0.343061; 0.346183; 0.349737; 0.352588; 0.354450; 0.355727; 0.356730; 0.354922; 0.355373; 0.355803; 0.356141; 0.357905; 0.358214; 0.356259; 0.354783; 0.352040; (); (); (); (); (); (); (); (); (); (); (); (); (); (); (); (); (); (); (); (); (); (); (); (); (); (); (); (); (); (); (); (); (); (); (); (); (); (); (); (); (); (); (); (); (); (); (); (); (); (); (); (); (); (); (); (); 
37937.5; 07:27:27; (); (); (); (); (); (); (); (); (); (); (); (); (); (); (); 0.338474; 0.336246; 0.333194; 0.331827; 0.331334; 0.330647; 0.330541; 0.332163; 0.332963; 0.332265; 0.331136; 0.330124; 0.328840; 0.328481; 0.328347; 0.328668; 0.329296; 0.329587; 0.329770; 0.330727; 0.331584; 0.331615; 0.330181; 0.329409; 0.329940; 0.330081; 0.331099; 0.333917; 0.335094; 0.335686; 0.335942; 0.338152; 0.342059; 0.343569; 0.344756; 0.345650; 0.346538; 0.347733; 0.348966; 0.348262; 0.346521; 0.342503; 0.338291; 0.335961; 0.335905; 0.337455; 0.337142; 0.335635; 0.335065; 0.333562; 0.333176; 0.332443; 0.332722; 0.335133; 0.338528; 0.340463; 0.345698; 0.351327; 0.353325; 0.353024; 0.352263; 0.351747; 0.351921; 0.352508; 0.354187; 0.355586; 0.357464; 0.357072; 0.352040; (); (); (); (); (); (); (); (); (); (); (); (); (); (); (); (); (); (); (); (); (); (); (); (); (); (); (); (); (); (); (); (); (); (); (); (); (); (); (); (); (); (); (); (); (); (); (); (); (); (); (); (); (); (); (); (); 
37938.5; 07:27:33; (); (); (); (); (); (); (); (); (); (); (); (); (); (); (); 0.325116; 0.324892; 0.323717; 0.322381; 0.320966; 0.320889; 0.322484; 0.322982; 0.324419; 0.325445; 0.326037; 0.324281; 0.320773; 0.319123; 0.318174; 0.317709; 0.318429; 0.321059; 0.322899; 0.324841; 0.326268; 0.325094; 0.324337; 0.325164; 0.326188; 0.327486; 0.328302; 0.329414; 0.331194; 0.332555; 0.333055; 0.332965; 0.331423; 0.332288; 0.333611; 0.334967; 0.335989; 0.336434; 0.335794; 0.334099; 0.332813; 0.333416; 0.337220; 0.339846; 0.344020; 0.346304; 0.347009; 0.347445; 0.346648; 0.345017; 0.344198; 0.344732; 0.346610; 0.348478; 0.351266; 0.353612; 0.353442; 0.351218; 0.352441; 0.352130; 0.353371; 0.355537; 0.357508; 0.358282; 0.358891; 0.357610; 0.355581; 0.353794; 0.352356; 0.351036; 0.325789; 0.286819; 0.278038; 0.268446; 0.258032; 0.244568; 0.225206; (); (); (); (); (); (); (); (); (); (); (); (); (); (); (); (); (); (); (); (); (); (); (); (); (); (); (); (); (); (); (); (); (); (); (); (); (); (); (); (); (); (); (); (); (); (); (); (); 
37939.6; 07:27:39; (); (); (); (); (); (); (); (); (); (); (); (); (); (); (); (); (); (); (); (); (); (); 0.334428; 0.331806; 0.329541; 0.329462; 0.330155; 0.328818; 0.327818; 0.326828; 0.325555; 0.323617; 0.322066; 0.322379; 0.322593; 0.321855; 0.323164; 0.323051; 0.324023; 0.326114; 0.327422; 0.327325; 0.329645; 0.331145; 0.332232; 0.332381; 0.331614; 0.331114; 0.330335; 0.331733; 0.333124; 0.334142; 0.336259; 0.336114; 0.333811; 0.333326; 0.333835; 0.332836; 0.332684; 0.332420; 0.334055; 0.337231; 0.340175; 0.340550; 0.339671; 0.339330; 0.339853; 0.341934; 0.346005; 0.348918; 0.350953; 0.353531; 0.356290; 0.358583; 0.359180; 0.359673; 0.358526; 0.357023; 0.356512; 0.356375; 0.356401; 0.357334; 0.357491; 0.348537; 0.327757; 0.317051; 0.312938; 0.308110; 0.303341; 0.299188; 0.292137; 0.285901; 0.281881; (); (); (); (); (); (); (); (); (); (); (); (); (); (); (); (); (); (); (); (); (); (); (); (); (); (); (); (); (); (); (); (); (); (); (); (); (); (); (); (); (); (); (); (); (); (); (); 
37940.6; 07:27:44; (); (); (); (); (); (); (); (); (); (); (); (); (); (); (); (); (); (); (); (); (); (); 0.332176; 0.328787; 0.326896; 0.327764; 0.329080; 0.329289; 0.327864; 0.327356; 0.325258; 0.322517; 0.320101; 0.318822; 0.318370; 0.318028; 0.318746; 0.320525; 0.322645; 0.323727; 0.323563; 0.323013; 0.324507; 0.326400; 0.326903; 0.328017; 0.329445; 0.330387; 0.333240; 0.337850; 0.340864; 0.342381; 0.343846; 0.343328; 0.342404; 0.342156; 0.342825; 0.341855; 0.341212; 0.343385; 0.345513; 0.345910; 0.345680; 0.343702; 0.341836; 0.341950; 0.342942; 0.344968; 0.347624; 0.349608; 0.351362; 0.352784; 0.354286; 0.356006; 0.355118; 0.353693; 0.353870; 0.357106; 0.358119; 0.357057; 0.355164; 0.353544; 0.351999; 0.350975; 0.350363; 0.348689; 0.347720; 0.347506; 0.347509; 0.347257; 0.346995; (); (); (); (); (); (); (); (); (); (); (); (); (); (); (); (); (); (); (); (); (); (); (); (); (); (); (); (); (); (); (); (); (); (); (); (); (); (); (); (); (); (); (); (); (); (); (); (); (); 
37941.6; 07:27:50; (); (); (); (); (); (); (); (); (); (); (); (); (); (); (); (); (); (); (); (); (); (); 0.323132; 0.320184; 0.321111; 0.323802; 0.323410; 0.323631; 0.324538; 0.324988; 0.324928; 0.324695; 0.322830; 0.322848; 0.324245; 0.325199; 0.326949; 0.329089; 0.329238; 0.328455; 0.328192; 0.331160; 0.331874; 0.331873; 0.331345; 0.331176; 0.332435; 0.334578; 0.334933; 0.335493; 0.336663; 0.337509; 0.337997; 0.337388; 0.336638; 0.336169; 0.335270; 0.334980; 0.334935; 0.336757; 0.338766; 0.339632; 0.339638; 0.338768; 0.338431; 0.338366; 0.339350; 0.342009; 0.346220; 0.348543; 0.349681; 0.351156; 0.352300; 0.350800; 0.347757; 0.345470; 0.347346; 0.350018; 0.351200; 0.350457; 0.350171; 0.348088; 0.345092; 0.342647; 0.342137; 0.340181; 0.338441; 0.338208; 0.339899; 0.341814; 0.344178; (); (); (); (); (); (); (); (); (); (); (); (); (); (); (); (); (); (); (); (); (); (); (); (); (); (); (); (); (); (); (); (); (); (); (); (); (); (); (); (); (); (); (); (); (); (); (); (); (); 
37942.6; 07:27:55; (); (); (); (); (); (); (); (); (); (); (); (); (); (); (); (); (); (); (); (); (); (); 0.302071; 0.303040; 0.306111; 0.307383; 0.308656; 0.311736; 0.312011; 0.312526; 0.314055; 0.317371; 0.319948; 0.320493; 0.320227; 0.320321; 0.320619; 0.320973; 0.321109; 0.320910; 0.322373; 0.322532; 0.322357; 0.323077; 0.322420; 0.323124; 0.323757; 0.325632; 0.329207; 0.333169; 0.335855; 0.337570; 0.339245; 0.339602; 0.338020; 0.336973; 0.336262; 0.336005; 0.336197; 0.337954; 0.339470; 0.339681; 0.339332; 0.338514; 0.336822; 0.338168; 0.340809; 0.343324; 0.347390; 0.350350; 0.350960; 0.353108; 0.355236; 0.355393; 0.354250; 0.352123; 0.352579; 0.353444; 0.354123; 0.353913; 0.351163; 0.350205; 0.347821; 0.346505; 0.346091; 0.346752; 0.345061; 0.344925; 0.346216; 0.348299; 0.346375; (); (); (); (); (); (); (); (); (); (); (); (); (); (); (); (); (); (); (); (); (); (); (); (); (); (); (); (); (); (); (); (); (); (); (); (); (); (); (); (); (); (); (); (); (); (); (); (); (); 
37943.6; 07:28:01; (); (); (); (); (); (); (); (); (); (); (); (); (); (); (); (); (); (); (); (); (); (); (); 0.302757; 0.305432; 0.311058; 0.316077; 0.317109; 0.317872; 0.318846; 0.320499; 0.321626; 0.322111; 0.322282; 0.322859; 0.323034; 0.323614; 0.324281; 0.323992; 0.323087; 0.321099; 0.321118; 0.322421; 0.323644; 0.323539; 0.324691; 0.326292; 0.327619; 0.329923; 0.333469; 0.336580; 0.339103; 0.340930; 0.341975; 0.341992; 0.341003; 0.339025; 0.337232; 0.336948; 0.337293; 0.336022; 0.336527; 0.338056; 0.340131; 0.342323; 0.344330; 0.346011; 0.347717; 0.348887; 0.349548; 0.349359; 0.352237; 0.354126; 0.355449; 0.356389; 0.356438; 0.355060; 0.354375; 0.351672; 0.347640; 0.344479; 0.344018; 0.343394; 0.344046; 0.345365; 0.346219; 0.345256; 0.344062; 0.342735; 0.340969; 0.339898; (); (); (); (); (); (); (); (); (); (); (); (); (); (); (); (); (); (); (); (); (); (); (); (); (); (); (); (); (); (); (); (); (); (); (); (); (); (); (); (); (); (); (); (); (); (); (); (); (); 
37944.6; 07:28:06; (); (); (); (); (); (); (); (); (); (); (); (); (); (); (); (); (); (); (); (); (); (); (); 0.299875; 0.300776; 0.303311; 0.305815; 0.306011; 0.306091; 0.306693; 0.307848; 0.310231; 0.311637; 0.313509; 0.316327; 0.317430; 0.318660; 0.319020; 0.320273; 0.321883; 0.322397; 0.323664; 0.326362; 0.329594; 0.330323; 0.329666; 0.329553; 0.330489; 0.331259; 0.332542; 0.334184; 0.334541; 0.334567; 0.332683; 0.330666; 0.329132; 0.326863; 0.323288; 0.320762; 0.320676; 0.323090; 0.325203; 0.326143; 0.326448; 0.326041; 0.326758; 0.328428; 0.330130; 0.333329; 0.336290; 0.338881; 0.342256; 0.346326; 0.348690; 0.350311; 0.349588; 0.348362; 0.348426; 0.350877; 0.351913; 0.352216; 0.351581; 0.350208; 0.348948; 0.349036; 0.348095; 0.346804; 0.346376; 0.346760; 0.346580; 0.345868; (); (); (); (); (); (); (); (); (); (); (); (); (); (); (); (); (); (); (); (); (); (); (); (); (); (); (); (); (); (); (); (); (); (); (); (); (); (); (); (); (); (); (); (); (); (); (); (); (); 
37945.6; 07:28:11; (); (); (); (); (); (); (); (); (); (); (); (); (); (); (); (); (); (); (); (); (); (); (); 0.321150; 0.318749; 0.317488; 0.317231; 0.316810; 0.316060; 0.315290; 0.314733; 0.314036; 0.313775; 0.314434; 0.315706; 0.315709; 0.315187; 0.314963; 0.316710; 0.319490; 0.321579; 0.323246; 0.326094; 0.328728; 0.330743; 0.331294; 0.331391; 0.332693; 0.333779; 0.334960; 0.336603; 0.339828; 0.341737; 0.341281; 0.339644; 0.338218; 0.336230; 0.333592; 0.332355; 0.333237; 0.335700; 0.338064; 0.339099; 0.340460; 0.342304; 0.343135; 0.343740; 0.345018; 0.347535; 0.350812; 0.352765; 0.356255; 0.359638; 0.360463; 0.358816; 0.357021; 0.355612; 0.355168; 0.355914; 0.354583; 0.352710; 0.350474; 0.347579; 0.345529; 0.344461; 0.343861; 0.341488; 0.339808; 0.340674; 0.342140; 0.342772; (); (); (); (); (); (); (); (); (); (); (); (); (); (); (); (); (); (); (); (); (); (); (); (); (); (); (); (); (); (); (); (); (); (); (); (); (); (); (); (); (); (); (); (); (); (); (); (); (); 
37946.6; 07:28:17; (); (); (); (); (); (); (); (); (); (); (); (); (); (); (); (); (); (); (); (); (); (); (); 0.314476; 0.313624; 0.313168; 0.313140; 0.313311; 0.314481; 0.315154; 0.316008; 0.317517; 0.318122; 0.316481; 0.314794; 0.312829; 0.313830; 0.315011; 0.315923; 0.316585; 0.317937; 0.318571; 0.318307; 0.316966; 0.316494; 0.317571; 0.318438; 0.321092; 0.324381; 0.326397; 0.328603; 0.331078; 0.333598; 0.333761; 0.332808; 0.330882; 0.330543; 0.330437; 0.330436; 0.331206; 0.332140; 0.333232; 0.333259; 0.333265; 0.333766; 0.334492; 0.333523; 0.334781; 0.338701; 0.342756; 0.346320; 0.349429; 0.352407; 0.354530; 0.355030; 0.353507; 0.353618; 0.353839; 0.353920; 0.353661; 0.353212; 0.353971; 0.353091; 0.352471; 0.351306; 0.350458; 0.350573; 0.351152; 0.350596; 0.351518; 0.351689; 0.351163; (); (); (); (); (); (); (); (); (); (); (); (); (); (); (); (); (); (); (); (); (); (); (); (); (); (); (); (); (); (); (); (); (); (); (); (); (); (); (); (); (); (); (); (); (); (); (); (); 
37947.5; 07:28:22; (); (); (); (); (); (); (); (); (); (); (); (); (); (); (); (); (); (); (); (); (); (); (); (); (); (); (); 0.283147; 0.287665; 0.290608; 0.291774; 0.293776; 0.295808; 0.296968; 0.304934; 0.321532; 0.321408; 0.322348; 0.323922; 0.324959; 0.325783; 0.324987; 0.325036; 0.326381; 0.327805; 0.328352; 0.328529; 0.329301; 0.332051; 0.335568; 0.336941; 0.336154; 0.333964; 0.332511; 0.331940; 0.331770; 0.332579; 0.333624; 0.333227; 0.333887; 0.336436; 0.339381; 0.340329; 0.339929; 0.339013; 0.339964; 0.343499; 0.348689; 0.351134; 0.352664; 0.354640; 0.357272; 0.358811; 0.359831; 0.361184; 0.359550; 0.359290; 0.359949; 0.359135; 0.357782; 0.355982; 0.352486; 0.349456; 0.350281; 0.351333; 0.350691; 0.349368; 0.349402; 0.349863; 0.349852; 0.350574; 0.350120; (); (); (); (); (); (); (); (); (); (); (); (); (); (); (); (); (); (); (); (); (); (); (); (); (); (); (); (); (); (); (); (); (); (); (); (); (); (); (); (); (); (); (); (); (); (); (); (); 
37948.5; 07:28:27; (); (); (); (); (); (); (); (); (); (); (); (); (); (); (); (); (); (); (); (); (); (); (); (); (); (); (); 0.207795; 0.217674; 0.227511; 0.235177; 0.242243; 0.248329; 0.253120; 0.257684; 0.269609; 0.286380; 0.306385; 0.316613; 0.317664; 0.319252; 0.318420; 0.316690; 0.316278; 0.317303; 0.317269; 0.316710; 0.318478; 0.321263; 0.323427; 0.325175; 0.328700; 0.330278; 0.329824; 0.328943; 0.328463; 0.330132; 0.333793; 0.336239; 0.337518; 0.338698; 0.340214; 0.340910; 0.340604; 0.340490; 0.341543; 0.341686; 0.344412; 0.347352; 0.349647; 0.351619; 0.354125; 0.353344; 0.354154; 0.354469; 0.354365; 0.353323; 0.353523; 0.353712; 0.353367; 0.352857; 0.351971; 0.350427; 0.352415; 0.353650; 0.353708; 0.353062; 0.354131; 0.354918; 0.356232; 0.358244; 0.360790; 0.361469; 0.363088; 0.365574; (); (); (); (); (); (); (); (); (); (); (); (); (); (); (); (); (); (); (); (); (); (); (); (); (); (); (); (); (); (); (); (); (); (); (); (); (); (); (); (); (); (); (); (); (); 
37949.5; 07:28:33; (); (); (); (); (); (); (); (); (); (); (); (); (); (); (); (); (); (); (); (); (); (); (); (); (); (); 0.314624; 0.313692; 0.314046; 0.314810; 0.314751; 0.314611; 0.314679; 0.314303; 0.315164; 0.315480; 0.316244; 0.317460; 0.319019; 0.320144; 0.320239; 0.321586; 0.322202; 0.321969; 0.321741; 0.324420; 0.326520; 0.327624; 0.327263; 0.326837; 0.329138; 0.329785; 0.330111; 0.330636; 0.331223; 0.331655; 0.331985; 0.332048; 0.332243; 0.331519; 0.329338; 0.329597; 0.329081; 0.328650; 0.328890; 0.329939; 0.332123; 0.334569; 0.337371; 0.340414; 0.342900; 0.345202; 0.347079; 0.348631; 0.350151; 0.350988; 0.351175; 0.354914; 0.357582; 0.357217; 0.355964; 0.354978; 0.352960; 0.352577; 0.350799; 0.348460; 0.347638; 0.347658; 0.347528; 0.348363; 0.349241; 0.349434; 0.348520; 0.349293; 0.350236; (); (); (); (); (); (); (); (); (); (); (); (); (); (); (); (); (); (); (); (); (); (); (); (); (); (); (); (); (); (); (); (); (); (); (); (); (); (); (); (); (); (); (); (); (); 
37950.5; 07:28:38; (); (); (); (); (); (); (); (); (); (); (); (); (); (); (); (); (); (); (); (); (); (); (); (); (); (); 0.314663; 0.313374; 0.313288; 0.314179; 0.315409; 0.315500; 0.316492; 0.316532; 0.315626; 0.315880; 0.315802; 0.315199; 0.315919; 0.317896; 0.320260; 0.322661; 0.323928; 0.324185; 0.324058; 0.324289; 0.326130; 0.328859; 0.331130; 0.333943; 0.336811; 0.337649; 0.337149; 0.335631; 0.335085; 0.334425; 0.333834; 0.333492; 0.333599; 0.333828; 0.334662; 0.334645; 0.330771; 0.328143; 0.326560; 0.328196; 0.330819; 0.333211; 0.336588; 0.339040; 0.342645; 0.346362; 0.348193; 0.349792; 0.350901; 0.351213; 0.352606; 0.355190; 0.356831; 0.358019; 0.355829; 0.353323; 0.351497; 0.349445; 0.349557; 0.349216; 0.349864; 0.351531; 0.353044; 0.353872; 0.353488; 0.353140; 0.354011; 0.356064; 0.356986; 0.359657; (); (); (); (); (); (); (); (); (); (); (); (); (); (); (); (); (); (); (); (); (); (); (); (); (); (); (); (); (); (); (); (); (); (); (); (); (); (); (); (); (); (); (); (); 
37951.5; 07:28:43; (); (); (); (); (); (); (); (); (); (); (); (); (); (); (); (); (); (); (); (); (); (); (); (); (); (); (); (); (); 0.314179; 0.314319; 0.315101; 0.316471; 0.316769; 0.317316; 0.317938; 0.318557; 0.318574; 0.320462; 0.323420; 0.324045; 0.324816; 0.327084; 0.328920; 0.331577; 0.332363; 0.331463; 0.330646; 0.330763; 0.330373; 0.331459; 0.332799; 0.333303; 0.332510; 0.331672; 0.332129; 0.331434; 0.330838; 0.330396; 0.329284; 0.330522; 0.332942; 0.334668; 0.336048; 0.338069; 0.338889; 0.339894; 0.341421; 0.343404; 0.345450; 0.346466; 0.349839; 0.353206; 0.355731; 0.356527; 0.355945; 0.357444; 0.358893; 0.358421; 0.356639; 0.355047; 0.353834; 0.351494; 0.350334; 0.350295; 0.348959; 0.345243; 0.342716; 0.341409; 0.341888; 0.341681; 0.339163; 0.337404; 0.337971; 0.338856; 0.339022; (); (); (); (); (); (); (); (); (); (); (); (); (); (); (); (); (); (); (); (); (); (); (); (); (); (); (); (); (); (); (); (); (); (); (); (); (); (); (); (); (); (); (); (); 
37952.4; 07:28:49; (); (); (); (); (); (); (); (); (); (); (); (); (); (); (); (); (); (); (); (); (); (); (); (); (); (); (); (); (); (); 0.291110; 0.294694; 0.297133; 0.299007; 0.300778; 0.301016; 0.300989; 0.304987; 0.315310; 0.315260; 0.319453; 0.320069; 0.319704; 0.320999; 0.323414; 0.323661; 0.323314; 0.323596; 0.324336; 0.325587; 0.327789; 0.331246; 0.332027; 0.331889; 0.330922; 0.328041; 0.328145; 0.330539; 0.331897; 0.333230; 0.335755; 0.337971; 0.338040; 0.337512; 0.337834; 0.339181; 0.340224; 0.341297; 0.344019; 0.348039; 0.352532; 0.355935; 0.357069; 0.356181; 0.354605; 0.352672; 0.351290; 0.352545; 0.354582; 0.353548; 0.350648; 0.348657; 0.348754; 0.345068; 0.340399; 0.336952; 0.335091; 0.334760; 0.334681; 0.336303; 0.338494; 0.339633; 0.339028; 0.337784; 0.338600; 0.339670; 0.340218; 0.339990; 0.341847; 0.344875; (); (); (); (); (); (); (); (); (); (); (); (); (); (); (); (); (); (); (); (); (); (); (); (); (); (); (); (); (); (); (); (); (); (); (); (); (); (); (); (); 
37953.4; 07:28:54; (); (); (); (); (); (); (); (); (); (); (); (); (); (); (); (); (); (); (); (); (); (); (); (); (); (); (); (); (); (); (); (); 0.327555; 0.325233; 0.323428; 0.322803; 0.321610; 0.321780; 0.322671; 0.320155; 0.318210; 0.318049; 0.319550; 0.320516; 0.321598; 0.323996; 0.324633; 0.324865; 0.326706; 0.328158; 0.328922; 0.329684; 0.328928; 0.328122; 0.327147; 0.326510; 0.327590; 0.327478; 0.328520; 0.329584; 0.331648; 0.334644; 0.336207; 0.334987; 0.334940; 0.337160; 0.340936; 0.344726; 0.347176; 0.351472; 0.354997; 0.356257; 0.357228; 0.358768; 0.360104; 0.360368; 0.360069; 0.359881; 0.361401; 0.361508; 0.359591; 0.358008; 0.356887; 0.354925; 0.350832; 0.347976; 0.346940; 0.347333; 0.348571; 0.349754; 0.349653; 0.352162; 0.354174; 0.354637; 0.355788; 0.356613; 0.357234; 0.358625; 0.361409; 0.364298; (); (); (); (); (); (); (); (); (); (); (); (); (); (); (); (); (); (); (); (); (); (); (); (); (); (); (); (); (); (); (); (); (); (); (); (); (); (); (); (); 
37954.4; 07:29:00; (); (); (); (); (); (); (); (); (); (); (); (); (); (); (); (); (); (); (); (); (); (); (); (); (); (); (); (); (); (); (); (); 0.286167; 0.287967; 0.292697; 0.296044; 0.299411; 0.302762; 0.305413; 0.309046; 0.320672; 0.320908; 0.320714; 0.322132; 0.322194; 0.323943; 0.326713; 0.329809; 0.331193; 0.332575; 0.334019; 0.332897; 0.331395; 0.331236; 0.331361; 0.329946; 0.328946; 0.328250; 0.329183; 0.331717; 0.334647; 0.337086; 0.338907; 0.338817; 0.336743; 0.335755; 0.336049; 0.338541; 0.341996; 0.346092; 0.351579; 0.355552; 0.356896; 0.358572; 0.359029; 0.358354; 0.357125; 0.357338; 0.359882; 0.360949; 0.362082; 0.363004; 0.361417; 0.357407; 0.354270; 0.352092; 0.350660; 0.350578; 0.350601; 0.349959; 0.349999; 0.350293; 0.350877; 0.353663; 0.356668; 0.358305; 0.360003; 0.362087; 0.363347; 0.363929; 0.364859; 0.366182; 0.367065; 0.367909; 0.371519; (); (); (); (); (); (); (); (); (); (); (); (); (); (); (); (); (); (); (); (); (); (); (); (); (); (); (); (); (); (); (); (); (); (); (); 
37955.5; 07:29:05; (); (); (); (); (); (); (); (); (); (); (); (); (); (); (); (); (); (); (); (); (); (); (); (); (); (); (); (); (); (); (); (); (); (); (); (); 0.333162; 0.330852; 0.330450; 0.330236; 0.330222; 0.330367; 0.329510; 0.328932; 0.328862; 0.330489; 0.331105; 0.329889; 0.329408; 0.330184; 0.330103; 0.331225; 0.334299; 0.335542; 0.335561; 0.334996; 0.334991; 0.335406; 0.335525; 0.335357; 0.332924; 0.333108; 0.334258; 0.335447; 0.337393; 0.339164; 0.338444; 0.336817; 0.336614; 0.337761; 0.339390; 0.342713; 0.345935; 0.348560; 0.350223; 0.353073; 0.352866; 0.351570; 0.349384; 0.346311; 0.345134; 0.346048; 0.347502; 0.348597; 0.350398; 0.352670; 0.352593; 0.351102; 0.349493; 0.348137; 0.349068; 0.350766; 0.353142; 0.355176; 0.355218; 0.355122; 0.355583; 0.356422; 0.356890; 0.355366; 0.352345; 0.350705; 0.352256; 0.355514; 0.354932; (); (); (); (); (); (); (); (); (); (); (); (); (); (); (); (); (); (); (); (); (); (); (); (); (); (); (); (); (); (); (); (); (); (); (); 
37956.5; 07:29:10; (); (); (); (); (); (); (); (); (); (); (); (); (); (); (); (); (); (); (); (); (); (); (); (); (); (); (); (); (); (); (); (); (); (); (); (); 0.329969; 0.328851; 0.328039; 0.328489; 0.331232; 0.332005; 0.331800; 0.331175; 0.331643; 0.332418; 0.331457; 0.331200; 0.331834; 0.332837; 0.333890; 0.336447; 0.336892; 0.336340; 0.334370; 0.331938; 0.330627; 0.331720; 0.333059; 0.333739; 0.335029; 0.338276; 0.338360; 0.335878; 0.333337; 0.333048; 0.333477; 0.335645; 0.339962; 0.344603; 0.348763; 0.351210; 0.351532; 0.351914; 0.352196; 0.352056; 0.352081; 0.353047; 0.355379; 0.356404; 0.356025; 0.355473; 0.354021; 0.351236; 0.349139; 0.348707; 0.349262; 0.349064; 0.349099; 0.350413; 0.350728; 0.348876; 0.349630; 0.348746; 0.348543; 0.349176; 0.349525; 0.350484; 0.351461; 0.350148; 0.348912; 0.348388; 0.348477; (); (); (); (); (); (); (); (); (); (); (); (); (); (); (); (); (); (); (); (); (); (); (); (); (); (); (); (); (); (); (); (); (); (); (); (); (); 
37957.4; 07:29:16; (); (); (); (); (); (); (); (); (); (); (); (); (); (); (); (); (); (); (); (); (); (); (); (); (); (); (); (); (); (); (); (); (); (); (); (); 0.316213; 0.316224; 0.316869; 0.317975; 0.319308; 0.320623; 0.322424; 0.323906; 0.324743; 0.325905; 0.327046; 0.328445; 0.331608; 0.333961; 0.332842; 0.333802; 0.335304; 0.336337; 0.336856; 0.337420; 0.337238; 0.336135; 0.335461; 0.335715; 0.336561; 0.336555; 0.335914; 0.334039; 0.333166; 0.334179; 0.335278; 0.335074; 0.335286; 0.336314; 0.336928; 0.337365; 0.338864; 0.340358; 0.341110; 0.342567; 0.344682; 0.346326; 0.348565; 0.350053; 0.350488; 0.350557; 0.351339; 0.352357; 0.353165; 0.354596; 0.354929; 0.354738; 0.354810; 0.354840; 0.353873; 0.353889; 0.354548; 0.355356; 0.354464; 0.354209; 0.354692; 0.355078; 0.354463; 0.353227; 0.352244; 0.352188; 0.352290; (); (); (); (); (); (); (); (); (); (); (); (); (); (); (); (); (); (); (); (); (); (); (); (); (); (); (); (); (); (); (); (); (); (); (); (); (); 
37958.4; 07:29:21; (); (); (); (); (); (); (); (); (); (); (); (); (); (); (); (); (); (); (); (); (); (); (); (); (); (); (); (); (); (); (); (); (); (); (); (); 0.303176; 0.305376; 0.309625; 0.313796; 0.315783; 0.316995; 0.318700; 0.319728; 0.323038; 0.325022; 0.326393; 0.328742; 0.331241; 0.333920; 0.338621; 0.342196; 0.343730; 0.342952; 0.341742; 0.340863; 0.339525; 0.338567; 0.339543; 0.337968; 0.336427; 0.335167; 0.333773; 0.334628; 0.336133; 0.336535; 0.336851; 0.338381; 0.341036; 0.342505; 0.344048; 0.346248; 0.347012; 0.346639; 0.348117; 0.347892; 0.349407; 0.351234; 0.351120; 0.349159; 0.346766; 0.344745; 0.342556; 0.341026; 0.340123; 0.339429; 0.338792; 0.339801; 0.341561; 0.342850; 0.344028; 0.344202; 0.344675; 0.345618; 0.348000; 0.350379; 0.351050; 0.351338; 0.351953; 0.353677; 0.356866; 0.358199; 0.352290; (); (); (); (); (); (); (); (); (); (); (); (); (); (); (); (); (); (); (); (); (); (); (); (); (); (); (); (); (); (); (); (); (); (); (); (); (); 
37959.3; 07:29:26; (); (); (); (); (); (); (); (); (); (); (); (); (); (); (); (); (); (); (); (); (); (); (); (); (); (); (); (); (); (); (); (); (); (); 0.315536; 0.315912; 0.314861; 0.313732; 0.314983; 0.315817; 0.316896; 0.318528; 0.319080; 0.318036; 0.318386; 0.320486; 0.322269; 0.323064; 0.324417; 0.326701; 0.328978; 0.332465; 0.335744; 0.336167; 0.337731; 0.336923; 0.335014; 0.334225; 0.335987; 0.336154; 0.333835; 0.333812; 0.336193; 0.339805; 0.341344; 0.342285; 0.341557; 0.340250; 0.339273; 0.338936; 0.342469; 0.344798; 0.346974; 0.349022; 0.350471; 0.351793; 0.350942; 0.348500; 0.345124; 0.342435; 0.342206; 0.342854; 0.344338; 0.345779; 0.345491; 0.343034; 0.343569; 0.341587; 0.340223; 0.340372; 0.341120; 0.341050; 0.342714; 0.343245; 0.343040; 0.342635; 0.342284; 0.340897; 0.340246; 0.340911; 0.341764; 0.341235; (); (); (); (); (); (); (); (); (); (); (); (); (); (); (); (); (); (); (); (); (); (); (); (); (); (); (); (); (); (); (); (); (); (); (); (); (); (); 
37960.3; 07:29:32; (); (); (); (); (); (); (); (); (); (); (); (); (); (); (); (); (); (); (); (); (); (); (); (); (); (); (); (); (); (); (); (); (); (); 0.301036; 0.300523; 0.302127; 0.304911; 0.308955; 0.313967; 0.316999; 0.318853; 0.320618; 0.321766; 0.320730; 0.320828; 0.322753; 0.327509; 0.333133; 0.337941; 0.341307; 0.343209; 0.343326; 0.341816; 0.337947; 0.335936; 0.335252; 0.335934; 0.337805; 0.339594; 0.339990; 0.339511; 0.338522; 0.336771; 0.336071; 0.336945; 0.337793; 0.339386; 0.342231; 0.344900; 0.346247; 0.347818; 0.347357; 0.347235; 0.347689; 0.349466; 0.351490; 0.352268; 0.352309; 0.351403; 0.350626; 0.350185; 0.350384; 0.349791; 0.348866; 0.348492; 0.348590; 0.349765; 0.351842; 0.352934; 0.352399; 0.351625; 0.350669; 0.352590; 0.355210; 0.356050; 0.355979; 0.355273; 0.355828; 0.357054; 0.358164; 0.358166; (); (); (); (); (); (); (); (); (); (); (); (); (); (); (); (); (); (); (); (); (); (); (); (); (); (); (); (); (); (); (); (); (); (); (); (); (); (); 
37961.3; 07:29:37; (); (); (); (); (); (); (); (); (); (); (); (); (); (); (); (); (); (); (); (); (); (); (); (); (); (); (); (); (); (); (); (); 0.333582; 0.333304; 0.333134; 0.333306; 0.333154; 0.332917; 0.332477; 0.331505; 0.330280; 0.328743; 0.329124; 0.329365; 0.329298; 0.328488; 0.327272; 0.326342; 0.325513; 0.324746; 0.324446; 0.323870; 0.322727; 0.321909; 0.323614; 0.326107; 0.326471; 0.325446; 0.324121; 0.323341; 0.324113; 0.325077; 0.326330; 0.328020; 0.330120; 0.331171; 0.332362; 0.334721; 0.336514; 0.336037; 0.334887; 0.335821; 0.336859; 0.337211; 0.336698; 0.336394; 0.336799; 0.338188; 0.338326; 0.336617; 0.336409; 0.337221; 0.338516; 0.339073; 0.339773; 0.341404; 0.341678; 0.340603; 0.340536; 0.340748; 0.340981; 0.341733; 0.341954; 0.341380; 0.341882; 0.342209; 0.341082; 0.338995; 0.339800; 0.338177; 0.336359; 0.336987; (); (); (); (); (); (); (); (); (); (); (); (); (); (); (); (); (); (); (); (); (); (); (); (); (); (); (); (); (); (); (); (); (); (); (); (); (); (); 
37962.3; 07:29:43; (); (); (); (); (); (); (); (); (); (); (); (); (); (); (); (); (); (); (); (); (); (); (); (); (); (); (); (); (); (); (); (); 0.315060; 0.313266; 0.310161; 0.307210; 0.306081; 0.306817; 0.308726; 0.312260; 0.314799; 0.316461; 0.317550; 0.317871; 0.318333; 0.320055; 0.321079; 0.322401; 0.325892; 0.329804; 0.333521; 0.336071; 0.337272; 0.338391; 0.334030; 0.330447; 0.329210; 0.330057; 0.332312; 0.333197; 0.333790; 0.333854; 0.333999; 0.334493; 0.334571; 0.335890; 0.336863; 0.337042; 0.337638; 0.341842; 0.345799; 0.347004; 0.346704; 0.346096; 0.345794; 0.346656; 0.348673; 0.348465; 0.348119; 0.348596; 0.347286; 0.348236; 0.348795; 0.348343; 0.346467; 0.345713; 0.346914; 0.348941; 0.351017; 0.352374; 0.352098; 0.351428; 0.351456; 0.351249; 0.351908; 0.353398; 0.353156; 0.353314; 0.355103; 0.356725; 0.357320; 0.356044; (); (); (); (); (); (); (); (); (); (); (); (); (); (); (); (); (); (); (); (); (); (); (); (); (); (); (); (); (); (); (); (); (); (); (); (); (); (); 
37963.3; 07:29:48; (); (); (); (); (); (); (); (); (); (); (); (); (); (); (); (); (); (); (); (); (); (); (); (); (); (); (); (); (); (); (); (); 0.336591; 0.333947; 0.334627; 0.334363; 0.333661; 0.333465; 0.333133; 0.331779; 0.329662; 0.328624; 0.327495; 0.325045; 0.324470; 0.324993; 0.326205; 0.328477; 0.329132; 0.326656; 0.325359; 0.323963; 0.323097; 0.323060; 0.324367; 0.324986; 0.325640; 0.327017; 0.328190; 0.327869; 0.326519; 0.325973; 0.324535; 0.323637; 0.325096; 0.327010; 0.329707; 0.332233; 0.332393; 0.332640; 0.333863; 0.333327; 0.333462; 0.333290; 0.333709; 0.335183; 0.337378; 0.339308; 0.340650; 0.340466; 0.339461; 0.338058; 0.337761; 0.338457; 0.338814; 0.339374; 0.340844; 0.340159; 0.340302; 0.341076; 0.341256; 0.340197; 0.339834; 0.340144; 0.342465; 0.343591; 0.344056; 0.343464; 0.343792; 0.343311; 0.342519; 0.342603; (); (); (); (); (); (); (); (); (); (); (); (); (); (); (); (); (); (); (); (); (); (); (); (); (); (); (); (); (); (); (); (); (); (); (); (); (); (); 
37964.3; 07:29:54; (); (); (); (); (); (); (); (); (); (); (); (); (); (); (); (); (); (); (); (); (); (); (); (); (); (); (); (); (); (); (); (); 0.303977; 0.303333; 0.303010; 0.302998; 0.304905; 0.306218; 0.308261; 0.310641; 0.312759; 0.314625; 0.315038; 0.313813; 0.315021; 0.318251; 0.323284; 0.327286; 0.330329; 0.334119; 0.336313; 0.337554; 0.339389; 0.340540; 0.339933; 0.338178; 0.336829; 0.338052; 0.338661; 0.338409; 0.337954; 0.337349; 0.338912; 0.342859; 0.343665; 0.343860; 0.344794; 0.344933; 0.343946; 0.344211; 0.347868; 0.350547; 0.351282; 0.353609; 0.353391; 0.352902; 0.352327; 0.349402; 0.344659; 0.343152; 0.341059; 0.339477; 0.339838; 0.339905; 0.339092; 0.336607; 0.336439; 0.336822; 0.336700; 0.338071; 0.339299; 0.340875; 0.342957; 0.344962; 0.346553; 0.349356; 0.349680; 0.349710; 0.351268; 0.353219; 0.354804; 0.355116; (); (); (); (); (); (); (); (); (); (); (); (); (); (); (); (); (); (); (); (); (); (); (); (); (); (); (); (); (); (); (); (); (); (); (); (); (); (); 
