Roll Number; 2
Recipe Name; FP 4577_360 GSM
Start Time; 2017-11-20; 07:30:38
File Name; D:\Mahlo\TR\171120073038FP 4577_360 GSM2_FMI2.txt

37973.5; 07:30:48; (); (); (); (); (); (); (); (); (); (); (); (); (); (); (); (); (); (); (); (); (); (); (); (); (); (); (); (); (); (); (); (); (); (); (); (); (); (); (); (); (); (); (); (); (); (); (); 258.615047; 258.071303; 257.457495; 257.582039; 257.931978; 257.602274; 257.000506; 256.602615; 256.222695; 256.313294; 257.119238; 257.866710; 258.279383; 257.989317; 257.438958; 257.092178; 257.243901; 257.441193; 257.532567; 257.703096; 258.183688; 258.671403; 259.027302; 258.901656; 258.211434; 257.343233; 256.570995; 255.887508; 256.160021; 256.486446; 256.645203; 256.848365; 257.112652; 257.231474; 257.258415; 257.431328; 257.447273; 257.450104; 257.635415; 257.997602; 258.388311; 258.934945; 259.792775; (); (); (); (); (); (); (); (); (); (); (); (); (); (); (); (); (); (); (); (); (); (); (); (); (); (); (); (); (); (); (); (); (); (); (); (); (); (); (); (); (); (); (); (); (); (); (); (); (); (); 
37975.3; 07:30:53; (); (); (); (); (); (); (); (); (); (); (); (); (); (); (); (); (); (); (); (); (); (); (); (); (); (); (); (); (); (); (); (); (); (); 256.677598; 257.771999; 258.728415; 258.735448; 258.135140; 257.727832; 257.812113; 258.647144; 259.576768; 259.796798; 259.617329; 259.254843; 259.243757; 259.528399; 259.420604; 258.589089; 257.767826; 257.440627; 257.533193; 257.650048; 257.367671; 256.855279; 256.681651; 257.090360; 257.742465; 258.455455; 258.589208; 257.862806; 257.137120; 257.023007; 257.097006; 257.055491; 256.907105; 257.098287; 257.819831; 258.520603; 258.809745; 258.816272; 258.625567; 258.300036; 257.999420; 258.188367; 258.563548; 258.861721; 259.237021; 259.689242; 260.048389; 260.511398; 260.651737; 260.474622; 260.528207; 260.517806; 260.250509; 259.793371; 259.521514; 259.569734; (); (); (); (); (); (); (); (); (); (); (); (); (); (); (); (); (); (); (); (); (); (); (); (); (); (); (); (); (); (); (); (); (); (); (); (); (); (); (); (); (); (); (); (); (); (); (); (); (); (); 
37976.3; 07:30:59; (); (); (); (); (); (); (); (); (); (); (); (); (); (); (); (); (); (); (); (); (); (); (); (); (); (); (); (); (); (); (); (); (); (); 260.163099; 260.197848; 260.251343; 260.113955; 259.491652; 258.724183; 258.186817; 257.931501; 258.487701; 258.430064; 257.841796; 256.888092; 256.311655; 256.358922; 256.563246; 256.251127; 255.899936; 255.727947; 255.979836; 256.662071; 257.247955; 257.595837; 257.765293; 257.528216; 257.375330; 257.729083; 258.223146; 258.171529; 257.826686; 257.777065; 258.093774; 258.499771; 258.736402; 258.509010; 257.943064; 257.627636; 257.330000; 256.876856; 256.592363; 256.258249; 255.615503; 254.993975; 255.344182; 255.771518; 255.875856; 255.868852; 255.827814; 255.899310; 256.337672; 256.746948; 257.163107; 257.855088; 258.882999; 259.438813; 259.600252; 259.839177; 259.630144; 258.695513; 257.919192; 257.298261; 256.556928; 255.876958; 255.349398; 254.673570; 254.285872; 253.697664; 252.282888; 250.661224; (); (); (); (); (); (); (); (); (); (); (); (); (); (); (); (); (); (); (); (); (); (); (); (); (); (); (); (); (); (); (); (); (); (); (); (); (); (); 
37977.2; 07:31:04; (); (); (); (); (); (); (); (); (); (); (); (); (); (); (); (); (); (); (); (); (); (); (); (); (); (); (); (); (); (); (); (); (); (); 256.904364; 257.715076; 258.809209; 259.335816; 258.976638; 258.329749; 258.148134; 259.308517; 260.215789; 260.171771; 259.563237; 258.934557; 258.570552; 258.630872; 258.614957; 257.866710; 257.204354; 256.869435; 256.723940; 256.765097; 256.728292; 256.473631; 256.194204; 256.448746; 256.973714; 257.746905; 258.090168; 257.674873; 257.167876; 256.988615; 257.221401; 257.582664; 257.706732; 257.703155; 258.061111; 258.415163; 258.438885; 257.923037; 256.954372; 256.013125; 255.155563; 255.218357; 255.657673; 256.042570; 256.402522; 256.799608; 257.013679; 257.241130; 257.607162; 257.840037; 258.154541; 259.060860; 259.968430; 260.346651; 260.670632; 260.886490; 260.701209; 260.105401; 259.268582; 258.456379; 257.586688; 257.057965; 256.475091; 255.962968; 255.630255; 255.048782; 253.656834; 252.237767; (); (); (); (); (); (); (); (); (); (); (); (); (); (); (); (); (); (); (); (); (); (); (); (); (); (); (); (); (); (); (); (); (); (); (); (); (); (); 
37978.2; 07:31:09; (); (); (); (); (); (); (); (); (); (); (); (); (); (); (); (); (); (); (); (); (); (); (); (); (); (); (); (); (); (); (); (); (); (); 258.450627; 258.144647; 257.816672; 257.305324; 256.900460; 256.488889; 256.060898; 255.676985; 256.277621; 256.423771; 256.127894; 255.867183; 255.615890; 255.361974; 255.000442; 254.778594; 254.699618; 254.820734; 255.265087; 255.605936; 256.076127; 256.492406; 256.848127; 257.045150; 256.994337; 256.712645; 256.464243; 256.336004; 256.056815; 256.059349; 256.273091; 256.598324; 256.814539; 256.849021; 256.584257; 256.235689; 255.905479; 255.493551; 255.324095; 255.245119; 255.061686; 254.737258; 254.764020; 255.151123; 255.425334; 255.503058; 255.682290; 255.613565; 256.054074; 256.618738; 257.083654; 257.831514; 258.682549; 259.313583; 259.570271; 259.766281; 259.562373; 258.734673; 257.854909; 257.146358; 256.454974; 255.670965; 255.051225; 254.366100; 253.903747; 253.494412; 252.340674; 250.508159; 249.546736; (); (); (); (); (); (); (); (); (); (); (); (); (); (); (); (); (); (); (); (); (); (); (); (); (); (); (); (); (); (); (); (); (); (); (); (); (); 
37979.2; 07:31:15; (); (); (); (); (); (); (); (); (); (); (); (); (); (); (); (); (); (); (); (); (); (); (); (); (); (); (); (); (); (); (); (); (); (); 255.834430; 256.540835; 257.623017; 258.224159; 257.847995; 257.331014; 257.186085; 258.884847; 260.116190; 260.108173; 259.532392; 258.885771; 258.273602; 258.161068; 258.281261; 257.862329; 257.082939; 256.701350; 256.629109; 256.794631; 256.695032; 256.421328; 256.137013; 256.216854; 256.931394; 257.851869; 257.891625; 257.403255; 257.061899; 256.875038; 257.093012; 257.437080; 257.526815; 257.553101; 257.907033; 258.231372; 258.322597; 257.944256; 256.996959; 255.707800; 254.707783; 255.005509; 255.522132; 255.703211; 255.979627; 256.412774; 256.702304; 256.825417; 257.224232; 257.530719; 257.956445; 258.652896; 259.413660; 259.827197; 260.233521; 260.609388; 260.378271; 259.726703; 259.013802; 258.358091; 257.649362; 256.939143; 256.236136; 255.696684; 255.352616; 254.820555; 253.782302; 252.451479; 251.782000; (); (); (); (); (); (); (); (); (); (); (); (); (); (); (); (); (); (); (); (); (); (); (); (); (); (); (); (); (); (); (); (); (); (); (); (); (); 
37980.2; 07:31:20; (); (); (); (); (); (); (); (); (); (); (); (); (); (); (); (); (); (); (); (); (); (); (); (); (); (); (); (); (); (); (); (); (); (); 255.125523; 255.233765; 255.446762; 255.593687; 255.409241; 255.129933; 254.868448; 254.782706; 256.289750; 256.803542; 256.730944; 256.507814; 256.324589; 256.177545; 255.900681; 255.547792; 255.397230; 255.281717; 255.303323; 255.451262; 255.825132; 256.359518; 256.830454; 257.017523; 256.996900; 256.698281; 256.322950; 256.019443; 255.982757; 255.959898; 256.255686; 256.511033; 256.654948; 256.923229; 257.026583; 256.700128; 256.175816; 255.759120; 255.582988; 255.447835; 255.323499; 255.372822; 255.302936; 255.237520; 255.556643; 255.757064; 255.992472; 256.157607; 256.272286; 256.725162; 257.196307; 258.172542; 259.092778; 259.477168; 259.673297; 259.848893; 259.249449; 258.476138; 257.747471; 257.158697; 256.529719; 255.822659; 255.385548; 254.671156; 254.152715; 253.590137; 252.272069; 250.665903; 251.782000; (); (); (); (); (); (); (); (); (); (); (); (); (); (); (); (); (); (); (); (); (); (); (); (); (); (); (); (); (); (); (); (); (); (); (); (); (); 
37981.2; 07:31:25; (); (); (); (); (); (); (); (); (); (); (); (); (); (); (); (); (); (); (); (); (); (); (); (); (); (); (); (); (); (); (); (); (); (); 256.084740; 257.023335; 257.949054; 258.479148; 258.273125; 257.643163; 257.419020; 258.531481; 259.601325; 259.635448; 259.023696; 258.406043; 257.973164; 258.068770; 258.202910; 257.651210; 256.963134; 256.707281; 256.699800; 256.648272; 256.625205; 256.327957; 256.150037; 256.325871; 256.987095; 257.955790; 258.355707; 257.935941; 257.477880; 257.190287; 257.388502; 257.615119; 257.624954; 257.470101; 257.798254; 258.036643; 258.073270; 257.552385; 256.819159; 255.710840; 254.562676; 254.622310; 255.075097; 255.393595; 255.815297; 256.293237; 256.464809; 256.638020; 257.136017; 257.523209; 257.922918; 258.807063; 259.451926; 259.723961; 260.136694; 260.294974; 259.838015; 259.145141; 258.427799; 257.638067; 256.767213; 256.299853; 255.628169; 255.024552; 254.678607; 254.168838; 252.630234; 251.406968; (); (); (); (); (); (); (); (); (); (); (); (); (); (); (); (); (); (); (); (); (); (); (); (); (); (); (); (); (); (); (); (); (); (); (); (); (); (); 
37982.2; 07:31:31; (); (); (); (); (); (); (); (); (); (); (); (); (); (); (); (); (); (); (); (); (); (); (); (); (); (); (); (); (); (); (); (); (); (); 255.585074; 255.543709; 255.508184; 255.551398; 255.263180; 255.065054; 254.824996; 254.480034; 255.300671; 255.875558; 255.739838; 255.236715; 254.893243; 254.659712; 254.412234; 254.116118; 253.973633; 253.872454; 253.981262; 254.408151; 254.794687; 255.203813; 255.473614; 255.851626; 256.173611; 256.210685; 256.063610; 255.808562; 255.805790; 255.717099; 255.827785; 256.180882; 256.475359; 256.678134; 256.450444; 256.145835; 255.816281; 255.466193; 255.200088; 255.083919; 254.996449; 254.970223; 255.039662; 255.004287; 255.318642; 255.698293; 255.908072; 256.184369; 256.400496; 256.838709; 257.504523; 258.359939; 259.192288; 259.691149; 259.792000; 259.917766; 259.561807; 258.648753; 257.971793; 257.400841; 256.602317; 255.848020; 255.223215; 254.511625; 254.012913; 253.343105; 251.849264; 250.414908; (); (); (); (); (); (); (); (); (); (); (); (); (); (); (); (); (); (); (); (); (); (); (); (); (); (); (); (); (); (); (); (); (); (); (); (); (); (); 
37983.2; 07:31:36; (); (); (); (); (); (); (); (); (); (); (); (); (); (); (); (); (); (); (); (); (); (); (); (); (); (); (); (); (); (); (); (); (); (); 257.216126; 257.882893; 258.849084; 259.349912; 259.000808; 258.404583; 258.166611; 258.940607; 260.003775; 259.766340; 259.163529; 258.574367; 258.192688; 258.231401; 258.164078; 257.597685; 256.907791; 256.447703; 256.258488; 256.197363; 256.011337; 255.680710; 255.367190; 255.616218; 256.328017; 257.292867; 257.348210; 256.822497; 256.323010; 256.186187; 256.414086; 256.692141; 256.652772; 256.722748; 257.138401; 257.539183; 257.663280; 257.300138; 256.555021; 255.442739; 254.462600; 254.668891; 255.214006; 255.572349; 255.982369; 256.509751; 256.749421; 257.013619; 257.403284; 257.614136; 258.084595; 258.898914; 259.430856; 259.669840; 260.035038; 259.985745; 259.480178; 258.851141; 258.205235; 257.377595; 256.594658; 256.116986; 255.421340; 254.896075; 254.462749; 253.446400; 251.983732; 251.131684; (); (); (); (); (); (); (); (); (); (); (); (); (); (); (); (); (); (); (); (); (); (); (); (); (); (); (); (); (); (); (); (); (); (); (); (); (); (); 
37984.1; 07:31:42; (); (); (); (); (); (); (); (); (); (); (); (); (); (); (); (); (); (); (); (); (); (); (); (); (); (); (); (); (); (); (); (); (); (); 253.831148; 254.321724; 254.896402; 255.376041; 255.768687; 255.731255; 255.477518; 255.186945; 256.549388; 257.305533; 257.356435; 257.075071; 256.814539; 256.643087; 256.529570; 256.099701; 255.652159; 255.292118; 254.978478; 254.874438; 254.922599; 255.249590; 255.845755; 256.085396; 256.410331; 256.513983; 256.324381; 256.060511; 256.020814; 255.844146; 255.811572; 256.061405; 256.372750; 256.558836; 256.700099; 256.557643; 256.123155; 255.540252; 255.338490; 255.202055; 254.961908; 254.966408; 255.084932; 255.023658; 255.278945; 255.868703; 256.271958; 256.567687; 256.832778; 257.150173; 257.602304; 258.417368; 259.443969; 259.894520; 260.032952; 260.257810; 259.884626; 259.036571; 258.246094; 257.527292; 256.670147; 255.757183; 254.891098; 254.133672; 253.645688; 253.052622; 251.615733; 250.007123; 249.187455; (); (); (); (); (); (); (); (); (); (); (); (); (); (); (); (); (); (); (); (); (); (); (); (); (); (); (); (); (); (); (); (); (); (); (); (); (); 
37985.1; 07:31:47; (); (); (); (); (); (); (); (); (); (); (); (); (); (); (); (); (); (); (); (); (); (); (); (); (); (); (); (); (); (); (); (); (); (); 257.315904; 258.049577; 258.852422; 259.280294; 258.921802; 258.225679; 257.868499; 258.479178; 259.342104; 259.203851; 258.859813; 258.344322; 257.896006; 257.950872; 257.945091; 257.379681; 256.715655; 256.227851; 256.209552; 256.331563; 256.311625; 256.190300; 255.911022; 256.151944; 256.866843; 257.721990; 257.883161; 257.328749; 256.736487; 256.626964; 256.832659; 257.056743; 257.259548; 257.184923; 257.472605; 257.890642; 257.939160; 257.495135; 256.676584; 255.531579; 254.445404; 254.715979; 255.239934; 255.658865; 256.022424; 256.533772; 256.766647; 256.939828; 257.254094; 257.437110; 257.848114; 258.696377; 259.288818; 259.485364; 259.907901; 259.812355; 259.163469; 258.509248; 257.986099; 257.243842; 256.509811; 255.849689; 255.188286; 254.712999; 254.274249; 253.455758; 252.130300; 251.164168; 250.714213; (); (); (); (); (); (); (); (); (); (); (); (); (); (); (); (); (); (); (); (); (); (); (); (); (); (); (); (); (); (); (); (); (); (); (); (); (); 
37986.1; 07:31:52; (); (); (); (); (); (); (); (); (); (); (); (); (); (); (); (); (); (); (); (); (); (); (); (); (); (); (); (); (); (); (); (); (); (); 258.888185; 258.897781; 258.811057; 258.969277; 259.135783; 258.959740; 258.590370; 258.167237; 258.253276; 258.478314; 258.187532; 257.841378; 257.578492; 257.469356; 257.452190; 257.249266; 256.669134; 256.306648; 255.935729; 255.689144; 255.718708; 255.951285; 256.350398; 256.515443; 256.599069; 256.572992; 256.231904; 255.701035; 255.396456; 255.175054; 255.178690; 255.582988; 255.933970; 256.284624; 256.271601; 256.073445; 255.641997; 255.199730; 255.089194; 255.025148; 254.819632; 254.770935; 254.961580; 254.878908; 255.123436; 255.738854; 255.987525; 256.156176; 256.314069; 256.755382; 257.253259; 258.085489; 258.935630; 259.341508; 259.410083; 259.576082; 259.183288; 258.276403; 257.544160; 256.865174; 256.005645; 255.176961; 254.651785; 253.983110; 253.456622; 252.893567; 251.262307; 249.697149; 250.714213; (); (); (); (); (); (); (); (); (); (); (); (); (); (); (); (); (); (); (); (); (); (); (); (); (); (); (); (); (); (); (); (); (); (); (); (); (); 
37987.1; 07:31:58; (); (); (); (); (); (); (); (); (); (); (); (); (); (); (); (); (); (); (); (); (); (); (); (); (); (); (); (); (); (); (); (); (); (); 257.591307; 258.363038; 259.518296; 260.000139; 259.535939; 258.980632; 258.780658; 259.407252; 260.119617; 260.027617; 259.561121; 259.108454; 258.792967; 258.820087; 258.761734; 258.189708; 257.360905; 256.759703; 256.644607; 256.667286; 256.552726; 256.241947; 255.980670; 256.199628; 256.867647; 257.824391; 257.965744; 257.502735; 257.111013; 256.953925; 257.082105; 257.444292; 257.715940; 257.613480; 257.973760; 258.278221; 258.291960; 257.861733; 257.021934; 255.773157; 254.827589; 254.982710; 255.488336; 255.717844; 256.086111; 256.589413; 256.852299; 257.024288; 257.532090; 257.752478; 258.158892; 259.049684; 259.643883; 259.867579; 260.271013; 260.065317; 259.537876; 258.889675; 258.257151; 257.410765; 256.532013; 255.864888; 255.190492; 254.591376; 254.131496; 253.315181; 251.881927; 250.954837; (); (); (); (); (); (); (); (); (); (); (); (); (); (); (); (); (); (); (); (); (); (); (); (); (); (); (); (); (); (); (); (); (); (); (); (); (); (); 
37988.1; 07:32:03; (); (); (); (); (); (); (); (); (); (); (); (); (); (); (); (); (); (); (); (); (); (); (); (); (); (); (); (); (); (); (); (); (); (); 260.460824; 260.314703; 260.160744; 260.253072; 260.334879; 260.076165; 259.509683; 259.013653; 258.797735; 258.568794; 258.060187; 257.502317; 257.108539; 257.035792; 256.947577; 256.593585; 256.044179; 255.751461; 255.330563; 255.002230; 254.969835; 255.154192; 255.601615; 255.914658; 256.142974; 256.300300; 256.076366; 255.708635; 255.477011; 255.566776; 255.798668; 255.930543; 256.103992; 256.484985; 256.851524; 256.719589; 256.442368; 255.866945; 255.657107; 255.612731; 255.334139; 255.294472; 255.463690; 255.363822; 255.386144; 255.908042; 256.565034; 256.957978; 257.094622; 256.907046; 257.244706; 258.076280; 259.083629; 259.481102; 259.594500; 259.772420; 259.442508; 258.594602; 257.768661; 256.949961; 256.058902; 255.097449; 254.319161; 253.756374; 253.427327; 252.839297; 251.424670; 249.774531; (); (); (); (); (); (); (); (); (); (); (); (); (); (); (); (); (); (); (); (); (); (); (); (); (); (); (); (); (); (); (); (); (); (); (); (); (); (); 
37989.1; 07:32:08; (); (); (); (); (); (); (); (); (); (); (); (); (); (); (); (); (); (); (); (); (); (); (); (); (); (); (); (); (); (); (); (); (); (); 255.646318; 256.834149; 257.817209; 258.187711; 257.713646; 257.272184; 257.279068; 258.647829; 259.694338; 259.668708; 259.327620; 258.881152; 258.587539; 258.644432; 258.650333; 257.914096; 257.091075; 256.715536; 256.739259; 256.863624; 256.710947; 256.329745; 256.150931; 256.379426; 257.180363; 258.078903; 258.208543; 257.764548; 257.358462; 257.188886; 257.363051; 257.639349; 257.768989; 257.812649; 258.181125; 258.478194; 258.505821; 257.962555; 257.126719; 255.798936; 254.964381; 255.096316; 255.491436; 255.818516; 256.359696; 256.874949; 257.096291; 257.313699; 257.548571; 257.728457; 258.330077; 259.189487; 259.610832; 259.831697; 260.166675; 259.984434; 259.384841; 258.800268; 258.058876; 257.191062; 256.299049; 255.499214; 254.861087; 254.414260; 253.917277; 252.869457; 251.422405; 250.392467; (); (); (); (); (); (); (); (); (); (); (); (); (); (); (); (); (); (); (); (); (); (); (); (); (); (); (); (); (); (); (); (); (); (); (); (); (); (); 
37990.1; 07:32:14; (); (); (); (); (); (); (); (); (); (); (); (); (); (); (); (); (); (); (); (); (); (); (); (); (); (); (); (); (); (); (); (); (); (); 248.270288; 249.432206; 250.499696; 251.463413; 252.522349; 253.021538; 253.111035; 253.352135; 255.825967; 257.496059; 258.091599; 258.055151; 257.866740; 257.694274; 257.582694; 257.314742; 256.779879; 256.301492; 255.826414; 255.459815; 255.383343; 255.522817; 255.862564; 256.173134; 256.274998; 256.442010; 256.388128; 256.071180; 255.852759; 255.705416; 255.568862; 255.854309; 256.219596; 256.392866; 256.808698; 256.798118; 256.523699; 255.981594; 255.746633; 255.722582; 255.453289; 255.429029; 255.545795; 255.371451; 255.420357; 256.083012; 256.475270; 256.801099; 257.045090; 256.857991; 257.187575; 258.112222; 259.014279; 259.344608; 259.554505; 259.702116; 259.377360; 258.580923; 257.862747; 257.068247; 256.202281; 255.197585; 254.385471; 253.766298; 253.346741; 252.713859; 251.194388; 249.718666; (); (); (); (); (); (); (); (); (); (); (); (); (); (); (); (); (); (); (); (); (); (); (); (); (); (); (); (); (); (); (); (); (); (); (); (); (); (); 
37997.6; 07:32:54; (); (); (); (); (); (); (); (); (); (); (); (); (); (); (); (); (); (); (); (); (); (); (); (); (); (); (); (); (); (); (); (); (); (); 265.048385; 265.001953; 264.432400; 263.099194; 262.100875; 261.576802; 261.454195; 261.398584; 260.683298; 259.669244; 258.812428; 258.046538; 257.975906; 258.018494; 257.587761; 256.988585; 256.891429; 256.980628; 257.361680; 257.366121; 257.107347; 256.935537; 257.329643; 258.389175; 259.171337; 259.368300; 259.298891; 259.104997; 258.950770; 258.900583; 258.894652; 258.911490; 259.214073; 259.633929; 260.297805; 260.647178; 260.358602; 259.585500; 258.518398; 257.722467; 257.254213; 257.438570; 257.854730; 258.110762; 258.303285; 258.552819; 258.646876; 258.735865; 258.933246; 258.929163; 259.025425; 259.663999; 260.494709; 260.817826; 260.987818; 261.235535; 260.826886; 260.099947; 259.463131; 258.695543; 257.570535; 256.651849; 256.101012; 255.529284; 255.237609; 254.764050; 253.336728; 251.561135; 250.031888; (); (); (); (); (); (); (); (); (); (); (); (); (); (); (); (); (); (); (); (); (); (); (); (); (); (); (); (); (); (); (); (); (); (); (); (); (); 
