Roll Number; 0
Recipe Name; FP 4577_360 GSM
Start Time; 2017-11-20; 07:57:03
File Name; D:\Mahlo\TR\171120075703FP 4577_360 GSM0_THICKNESS2.txt

-0.3; 08:00:59; (); (); (); (); (); (); (); (); (); (); (); (); (); (); (); (); (); (); (); (); (); (); (); (); (); (); (); (); (); (); (); (); (); (); (); (); (); (); (); (); (); 0.341211; 0.339138; 0.338242; 0.338938; 0.340037; 0.340162; 0.339354; 0.339752; 0.339390; 0.340034; 0.341167; 0.341661; 0.339172; 0.336503; 0.335219; 0.334216; 0.332974; 0.332329; 0.331264; 0.332414; 0.335029; 0.336379; 0.336203; 0.336925; 0.335119; 0.335044; 0.336537; 0.339593; 0.343315; 0.348158; 0.353663; 0.357608; 0.358390; 0.357619; 0.354954; 0.353420; 0.352637; 0.351391; 0.349416; 0.350293; 0.349863; 0.349238; 0.347080; 0.343527; 0.341447; 0.338010; 0.336333; 0.337033; 0.339293; 0.341312; 0.342847; 0.344422; 0.346539; 0.348814; 0.349732; 0.349527; 0.349898; 0.352371; 0.354580; 0.355405; 0.358178; 0.359582; 0.360231; 0.359895; 0.359124; 0.358112; 0.358204; 0.357140; (); (); (); (); (); (); (); (); (); (); (); (); (); (); (); (); (); (); (); (); (); (); (); (); (); (); (); (); (); (); (); 
0.7; 08:01:05; (); (); (); (); (); (); (); (); (); (); (); (); (); (); (); (); (); (); (); (); (); (); (); (); (); (); (); (); (); (); (); (); (); (); (); (); (); (); (); (); (); 0.339008; 0.337688; 0.335995; 0.336393; 0.336970; 0.337463; 0.337399; 0.336966; 0.338329; 0.340825; 0.343116; 0.343336; 0.340814; 0.340382; 0.340393; 0.339568; 0.339021; 0.339139; 0.338492; 0.342270; 0.344913; 0.346969; 0.348838; 0.349426; 0.346165; 0.344145; 0.345381; 0.347697; 0.348941; 0.352297; 0.356628; 0.359420; 0.360813; 0.360589; 0.357275; 0.355803; 0.355371; 0.354091; 0.352484; 0.353088; 0.352715; 0.351461; 0.349715; 0.347834; 0.347211; 0.345673; 0.345610; 0.346547; 0.347329; 0.347272; 0.347137; 0.346745; 0.347239; 0.349436; 0.352296; 0.353688; 0.354644; 0.356998; 0.358920; 0.358813; 0.359050; 0.359526; 0.360185; 0.360996; 0.361760; 0.362132; 0.363617; 0.362675; (); (); (); (); (); (); (); (); (); (); (); (); (); (); (); (); (); (); (); (); (); (); (); (); (); (); (); (); (); (); (); 
1.6; 08:01:10; (); (); (); (); (); (); (); (); (); (); (); (); (); (); (); (); (); (); (); (); (); (); (); (); (); (); (); (); (); (); (); (); (); (); (); (); (); (); (); (); (); 0.339267; 0.337611; 0.337132; 0.338268; 0.339590; 0.340147; 0.339355; 0.340007; 0.340747; 0.341925; 0.343006; 0.343340; 0.341248; 0.337940; 0.335806; 0.334528; 0.333766; 0.333714; 0.332190; 0.332120; 0.334237; 0.336096; 0.335032; 0.333970; 0.331936; 0.332514; 0.334851; 0.338091; 0.342333; 0.347594; 0.352057; 0.354424; 0.354299; 0.354769; 0.353455; 0.351791; 0.350937; 0.350594; 0.349315; 0.349401; 0.348784; 0.347850; 0.345263; 0.341499; 0.339577; 0.336861; 0.336630; 0.338039; 0.340082; 0.341110; 0.342104; 0.343073; 0.343626; 0.345125; 0.346778; 0.346511; 0.347881; 0.351662; 0.354247; 0.354251; 0.356164; 0.356992; 0.356695; 0.355950; 0.355550; 0.354634; 0.354988; 0.356123; (); (); (); (); (); (); (); (); (); (); (); (); (); (); (); (); (); (); (); (); (); (); (); (); (); (); (); (); (); (); (); 
2.6; 08:01:15; (); (); (); (); (); (); (); (); (); (); (); (); (); (); (); (); (); (); (); (); (); (); (); (); (); (); (); (); (); (); (); (); (); (); (); (); (); (); (); (); (); 0.336334; 0.335995; 0.336248; 0.336667; 0.335385; 0.334989; 0.335431; 0.336268; 0.337568; 0.339547; 0.342487; 0.342982; 0.341427; 0.338779; 0.336691; 0.336112; 0.334499; 0.333720; 0.334591; 0.338477; 0.341907; 0.343158; 0.343577; 0.342991; 0.341011; 0.341059; 0.345360; 0.349126; 0.353123; 0.357665; 0.361002; 0.364393; 0.365552; 0.364162; 0.362381; 0.361099; 0.360008; 0.360051; 0.360133; 0.358846; 0.357175; 0.354814; 0.352791; 0.350237; 0.348526; 0.347823; 0.348233; 0.348748; 0.348480; 0.348264; 0.348919; 0.350629; 0.352810; 0.355653; 0.357793; 0.358785; 0.359829; 0.359963; 0.361066; 0.362527; 0.363775; 0.364214; 0.365822; 0.367966; 0.368866; 0.369095; 0.368359; 0.364873; (); (); (); (); (); (); (); (); (); (); (); (); (); (); (); (); (); (); (); (); (); (); (); (); (); (); (); (); (); (); (); 
3.6; 08:01:21; (); (); (); (); (); (); (); (); (); (); (); (); (); (); (); (); (); (); (); (); (); (); (); (); (); (); (); (); (); (); (); (); (); (); (); (); (); (); (); (); (); 0.343135; 0.340674; 0.338091; 0.339652; 0.340861; 0.340247; 0.339450; 0.338162; 0.334845; 0.336568; 0.337853; 0.337853; 0.336970; 0.337171; 0.338023; 0.337451; 0.337187; 0.335753; 0.334126; 0.336750; 0.339467; 0.342164; 0.346308; 0.349657; 0.346984; 0.345475; 0.344815; 0.344155; 0.343522; 0.345118; 0.349371; 0.353539; 0.355637; 0.355632; 0.353157; 0.351626; 0.347778; 0.343213; 0.341563; 0.342149; 0.343416; 0.344452; 0.345435; 0.346188; 0.346024; 0.344682; 0.343491; 0.342835; 0.342459; 0.341894; 0.342795; 0.346334; 0.350544; 0.354175; 0.357134; 0.358881; 0.359901; 0.359725; 0.359531; 0.359684; 0.360600; 0.361781; 0.364632; 0.366996; 0.368442; 0.369293; 0.368732; 0.365852; (); (); (); (); (); (); (); (); (); (); (); (); (); (); (); (); (); (); (); (); (); (); (); (); (); (); (); (); (); (); (); 
4.5; 08:01:26; (); (); (); (); (); (); (); (); (); (); (); (); (); (); (); (); (); (); (); (); (); (); (); (); (); (); (); (); (); (); (); (); (); (); (); (); (); (); (); (); (); 0.337816; 0.337665; 0.337945; 0.338225; 0.336084; 0.335092; 0.334734; 0.335282; 0.336890; 0.339400; 0.342137; 0.343496; 0.342263; 0.337995; 0.334367; 0.334026; 0.332253; 0.330769; 0.331179; 0.333742; 0.338238; 0.341508; 0.342013; 0.339836; 0.337507; 0.338045; 0.343522; 0.348025; 0.352675; 0.357308; 0.360412; 0.363651; 0.364497; 0.364833; 0.364265; 0.361204; 0.359375; 0.360226; 0.360494; 0.359521; 0.357978; 0.354662; 0.351953; 0.348470; 0.345417; 0.344516; 0.344743; 0.345580; 0.345497; 0.346228; 0.348092; 0.349037; 0.350162; 0.351982; 0.353251; 0.354586; 0.355611; 0.356061; 0.356721; 0.358549; 0.360583; 0.361424; 0.362219; 0.362924; 0.362702; 0.362631; 0.361283; 0.359397; (); (); (); (); (); (); (); (); (); (); (); (); (); (); (); (); (); (); (); (); (); (); (); (); (); (); (); (); (); (); (); 
5.5; 08:01:31; (); (); (); (); (); (); (); (); (); (); (); (); (); (); (); (); (); (); (); (); (); (); (); (); (); (); (); (); (); (); (); (); (); (); (); (); (); (); (); (); (); 0.345152; 0.342031; 0.338666; 0.339874; 0.340486; 0.339512; 0.339182; 0.338498; 0.335073; 0.336510; 0.337864; 0.337974; 0.337328; 0.337287; 0.337359; 0.336611; 0.336722; 0.336089; 0.334403; 0.337343; 0.340038; 0.342440; 0.347619; 0.350326; 0.348153; 0.347442; 0.346854; 0.346422; 0.346516; 0.348258; 0.352607; 0.356805; 0.358600; 0.358155; 0.355306; 0.353404; 0.349828; 0.345226; 0.344021; 0.344769; 0.345628; 0.346235; 0.346059; 0.346223; 0.346064; 0.344498; 0.342907; 0.342621; 0.343086; 0.343936; 0.345675; 0.348648; 0.352186; 0.354857; 0.356428; 0.356828; 0.357931; 0.358865; 0.358796; 0.359664; 0.360663; 0.361594; 0.364025; 0.366093; 0.366582; 0.366439; 0.365705; 0.363178; (); (); (); (); (); (); (); (); (); (); (); (); (); (); (); (); (); (); (); (); (); (); (); (); (); (); (); (); (); (); (); 
6.5; 08:01:36; (); (); (); (); (); (); (); (); (); (); (); (); (); (); (); (); (); (); (); (); (); (); (); (); (); (); (); (); (); (); (); (); (); (); (); (); (); (); (); (); (); 0.345152; 0.331568; 0.331860; 0.333335; 0.334784; 0.335857; 0.336052; 0.336869; 0.338748; 0.341585; 0.343471; 0.344269; 0.341937; 0.337066; 0.333548; 0.333301; 0.332086; 0.331042; 0.330141; 0.329379; 0.330899; 0.332546; 0.331768; 0.329480; 0.327507; 0.327980; 0.331879; 0.335654; 0.340684; 0.344275; 0.347702; 0.352488; 0.354234; 0.355237; 0.354991; 0.353122; 0.352969; 0.353813; 0.353976; 0.353421; 0.351620; 0.350373; 0.349486; 0.346041; 0.344159; 0.342609; 0.340884; 0.341369; 0.342207; 0.343048; 0.343199; 0.343032; 0.344031; 0.345172; 0.347864; 0.349935; 0.351366; 0.352635; 0.353455; 0.353750; 0.355509; 0.356222; 0.356437; 0.356432; 0.356890; 0.357614; 0.357205; 0.357331; (); (); (); (); (); (); (); (); (); (); (); (); (); (); (); (); (); (); (); (); (); (); (); (); (); (); (); (); (); (); (); 
7.5; 08:01:42; (); (); (); (); (); (); (); (); (); (); (); (); (); (); (); (); (); (); (); (); (); (); (); (); (); (); (); (); (); (); (); (); (); (); (); (); (); (); (); (); (); 0.345152; 0.338542; 0.335511; 0.337363; 0.338123; 0.337481; 0.337476; 0.337254; 0.335134; 0.337128; 0.338920; 0.339338; 0.338986; 0.339058; 0.339476; 0.338609; 0.338921; 0.338899; 0.337295; 0.340241; 0.343616; 0.345845; 0.349245; 0.352759; 0.350024; 0.348884; 0.348832; 0.348533; 0.348345; 0.349800; 0.354067; 0.357594; 0.358981; 0.357172; 0.354897; 0.353039; 0.349393; 0.345407; 0.342602; 0.343239; 0.344419; 0.344829; 0.344792; 0.345205; 0.345481; 0.344319; 0.343265; 0.343260; 0.343224; 0.342954; 0.344891; 0.348247; 0.352305; 0.356067; 0.357392; 0.357813; 0.358942; 0.359433; 0.359225; 0.359379; 0.360300; 0.361098; 0.363347; 0.365664; 0.366620; 0.366543; 0.365030; 0.361432; (); (); (); (); (); (); (); (); (); (); (); (); (); (); (); (); (); (); (); (); (); (); (); (); (); (); (); (); (); (); (); 
8.4; 08:01:47; (); (); (); (); (); (); (); (); (); (); (); (); (); (); (); (); (); (); (); (); (); (); (); (); (); (); (); (); (); (); (); (); (); (); (); (); (); (); (); (); (); (); 0.338697; 0.336494; 0.336128; 0.336119; 0.336393; 0.336426; 0.335953; 0.337389; 0.340091; 0.341929; 0.341576; 0.338795; 0.336878; 0.335774; 0.335323; 0.335326; 0.335798; 0.335490; 0.337899; 0.340135; 0.341136; 0.342066; 0.343830; 0.341775; 0.341123; 0.342646; 0.345701; 0.348358; 0.351363; 0.355889; 0.359001; 0.359345; 0.359619; 0.357839; 0.357731; 0.357998; 0.357342; 0.354221; 0.353278; 0.351948; 0.350103; 0.347994; 0.345038; 0.344436; 0.342471; 0.341029; 0.341542; 0.342504; 0.342361; 0.341516; 0.342170; 0.343524; 0.345001; 0.347811; 0.349628; 0.350609; 0.352881; 0.355377; 0.354664; 0.356004; 0.357427; 0.358452; 0.358595; 0.359078; 0.360200; 0.360027; 0.359871; (); (); (); (); (); (); (); (); (); (); (); (); (); (); (); (); (); (); (); (); (); (); (); (); (); (); (); (); (); (); (); 
9.4; 08:01:52; (); (); (); (); (); (); (); (); (); (); (); (); (); (); (); (); (); (); (); (); (); (); (); (); (); (); (); (); (); (); (); (); (); (); (); (); (); (); (); (); (); 0.344873; 0.343638; 0.341967; 0.342033; 0.342813; 0.342173; 0.341444; 0.341229; 0.339711; 0.340612; 0.341530; 0.342002; 0.338651; 0.335648; 0.334941; 0.334285; 0.333309; 0.333076; 0.332610; 0.334165; 0.335868; 0.337080; 0.337457; 0.339716; 0.337856; 0.337215; 0.338511; 0.341323; 0.344595; 0.349595; 0.354979; 0.357131; 0.357725; 0.357227; 0.354486; 0.353354; 0.353185; 0.351647; 0.348372; 0.349067; 0.348345; 0.347011; 0.345586; 0.342943; 0.340005; 0.337072; 0.336785; 0.337741; 0.339893; 0.342116; 0.343050; 0.343650; 0.344834; 0.346168; 0.347352; 0.348400; 0.349285; 0.352522; 0.354405; 0.355444; 0.358090; 0.359267; 0.359104; 0.358281; 0.357563; 0.357664; 0.358620; 0.359202; (); (); (); (); (); (); (); (); (); (); (); (); (); (); (); (); (); (); (); (); (); (); (); (); (); (); (); (); (); (); (); 
10.4; 08:01:58; (); (); (); (); (); (); (); (); (); (); (); (); (); (); (); (); (); (); (); (); (); (); (); (); (); (); (); (); (); (); (); (); (); (); (); (); (); (); (); (); (); 0.334978; 0.334263; 0.334234; 0.335336; 0.334276; 0.334171; 0.335089; 0.335960; 0.336804; 0.339332; 0.342750; 0.343384; 0.342262; 0.340850; 0.339456; 0.338410; 0.337503; 0.336112; 0.336500; 0.341690; 0.345023; 0.345635; 0.345833; 0.345143; 0.342384; 0.341827; 0.345010; 0.348011; 0.349686; 0.354176; 0.357622; 0.360560; 0.362348; 0.361012; 0.357854; 0.357011; 0.356849; 0.356686; 0.356410; 0.356190; 0.355466; 0.353380; 0.351635; 0.350568; 0.349097; 0.348339; 0.349437; 0.350386; 0.349617; 0.348630; 0.348446; 0.349362; 0.352446; 0.355993; 0.357840; 0.358586; 0.360792; 0.361407; 0.362065; 0.363186; 0.364610; 0.364962; 0.366631; 0.369732; 0.371304; 0.372009; 0.371910; 0.367585; (); (); (); (); (); (); (); (); (); (); (); (); (); (); (); (); (); (); (); (); (); (); (); (); (); (); (); (); (); (); (); 
11.4; 08:02:03; (); (); (); (); (); (); (); (); (); (); (); (); (); (); (); (); (); (); (); (); (); (); (); (); (); (); (); (); (); (); (); (); (); (); (); (); (); (); (); (); (); 0.334978; 0.332477; 0.330933; 0.332993; 0.333263; 0.333347; 0.333793; 0.334553; 0.334849; 0.334171; 0.335440; 0.336341; 0.336694; 0.337005; 0.336588; 0.336399; 0.336584; 0.335223; 0.335630; 0.338964; 0.341784; 0.343297; 0.344990; 0.346646; 0.346823; 0.348639; 0.350378; 0.348928; 0.348970; 0.350809; 0.354106; 0.357612; 0.360046; 0.358937; 0.357212; 0.354747; 0.350541; 0.347975; 0.346160; 0.344266; 0.343291; 0.342692; 0.343017; 0.343666; 0.343934; 0.343450; 0.343028; 0.342688; 0.341648; 0.341058; 0.342876; 0.346704; 0.350087; 0.353230; 0.355704; 0.357195; 0.358617; 0.359076; 0.359133; 0.359004; 0.358458; 0.358612; 0.360747; 0.362990; 0.363289; 0.363414; 0.362439; 0.359750; (); (); (); (); (); (); (); (); (); (); (); (); (); (); (); (); (); (); (); (); (); (); (); (); (); (); (); (); (); (); (); 
12.3; 08:02:08; (); (); (); (); (); (); (); (); (); (); (); (); (); (); (); (); (); (); (); (); (); (); (); (); (); (); (); (); (); (); (); (); (); (); (); (); (); (); (); (); (); 0.334847; 0.334840; 0.335296; 0.335470; 0.334119; 0.334524; 0.334523; 0.334567; 0.336102; 0.338906; 0.342061; 0.343396; 0.340697; 0.336264; 0.332563; 0.332571; 0.330907; 0.329900; 0.330141; 0.332482; 0.335531; 0.338194; 0.339262; 0.337125; 0.334549; 0.334949; 0.339301; 0.343600; 0.349193; 0.353697; 0.357682; 0.362155; 0.362403; 0.362765; 0.361125; 0.358516; 0.357567; 0.358443; 0.358979; 0.357540; 0.355320; 0.353130; 0.351770; 0.348038; 0.344789; 0.343514; 0.342510; 0.342990; 0.343655; 0.345286; 0.346722; 0.346926; 0.347801; 0.348981; 0.351255; 0.352832; 0.353591; 0.354096; 0.355628; 0.356892; 0.358534; 0.359637; 0.360626; 0.360813; 0.360295; 0.360086; 0.359137; 0.358219; (); (); (); (); (); (); (); (); (); (); (); (); (); (); (); (); (); (); (); (); (); (); (); (); (); (); (); (); (); (); (); 
13.3; 08:02:14; (); (); (); (); (); (); (); (); (); (); (); (); (); (); (); (); (); (); (); (); (); (); (); (); (); (); (); (); (); (); (); (); (); (); (); (); (); (); (); (); (); 0.336302; 0.333850; 0.333162; 0.335804; 0.336382; 0.335886; 0.335700; 0.336158; 0.336835; 0.337769; 0.339013; 0.339125; 0.339151; 0.339484; 0.339090; 0.338541; 0.338865; 0.337007; 0.336043; 0.339746; 0.342189; 0.344303; 0.347565; 0.349141; 0.347135; 0.347561; 0.349044; 0.347940; 0.347671; 0.350677; 0.354687; 0.357462; 0.359811; 0.358358; 0.356280; 0.354885; 0.350727; 0.347088; 0.345790; 0.345660; 0.346248; 0.345794; 0.345731; 0.345898; 0.345215; 0.344584; 0.344683; 0.344414; 0.343670; 0.342457; 0.344299; 0.348309; 0.352517; 0.356038; 0.357719; 0.358104; 0.358816; 0.358971; 0.359229; 0.360126; 0.360496; 0.360769; 0.362463; 0.364894; 0.366742; 0.366474; 0.364710; 0.361586; (); (); (); (); (); (); (); (); (); (); (); (); (); (); (); (); (); (); (); (); (); (); (); (); (); (); (); (); (); (); (); 
14.3; 08:02:19; (); (); (); (); (); (); (); (); (); (); (); (); (); (); (); (); (); (); (); (); (); (); (); (); (); (); (); (); (); (); (); (); (); (); (); (); (); (); (); (); (); 0.337199; 0.335673; 0.334126; 0.335452; 0.335576; 0.335718; 0.336008; 0.336056; 0.336698; 0.339230; 0.342468; 0.343229; 0.340617; 0.340037; 0.339948; 0.338748; 0.338560; 0.338785; 0.338569; 0.343738; 0.346662; 0.348395; 0.349961; 0.350955; 0.347870; 0.345522; 0.346482; 0.349268; 0.350908; 0.353935; 0.358760; 0.361917; 0.362772; 0.361700; 0.356973; 0.355236; 0.355035; 0.354053; 0.351703; 0.352343; 0.351946; 0.350716; 0.348787; 0.347382; 0.346897; 0.345479; 0.345011; 0.345845; 0.346461; 0.346871; 0.346846; 0.346268; 0.347221; 0.351009; 0.353617; 0.355606; 0.356792; 0.358337; 0.359914; 0.360231; 0.360035; 0.360092; 0.361084; 0.362556; 0.362880; 0.363278; 0.364652; 0.362667; (); (); (); (); (); (); (); (); (); (); (); (); (); (); (); (); (); (); (); (); (); (); (); (); (); (); (); (); (); (); (); 
15.2; 08:02:24; (); (); (); (); (); (); (); (); (); (); (); (); (); (); (); (); (); (); (); (); (); (); (); (); (); (); (); (); (); (); (); (); (); (); (); (); (); (); (); (); (); 0.337199; 0.341375; 0.339368; 0.339828; 0.340748; 0.340388; 0.339210; 0.339331; 0.338292; 0.338854; 0.340246; 0.340094; 0.338224; 0.336343; 0.335024; 0.333749; 0.333036; 0.332796; 0.331886; 0.333509; 0.336022; 0.337789; 0.338445; 0.339928; 0.337116; 0.336512; 0.337520; 0.339987; 0.343400; 0.347846; 0.353197; 0.356425; 0.357564; 0.357136; 0.353841; 0.352053; 0.350976; 0.349041; 0.347308; 0.349207; 0.348364; 0.347380; 0.345994; 0.343056; 0.339962; 0.337030; 0.335933; 0.336073; 0.337803; 0.340571; 0.342838; 0.344347; 0.346274; 0.348480; 0.349070; 0.349393; 0.349946; 0.351647; 0.354263; 0.355699; 0.358259; 0.359123; 0.359734; 0.359641; 0.358149; 0.356885; 0.357381; 0.356566; (); (); (); (); (); (); (); (); (); (); (); (); (); (); (); (); (); (); (); (); (); (); (); (); (); (); (); (); (); (); (); 
16.2; 08:02:29; (); (); (); (); (); (); (); (); (); (); (); (); (); (); (); (); (); (); (); (); (); (); (); (); (); (); (); (); (); (); (); (); (); (); (); (); (); (); (); (); (); (); 0.330238; 0.330978; 0.332208; 0.333224; 0.334772; 0.335355; 0.335561; 0.337384; 0.340082; 0.341748; 0.341710; 0.339622; 0.335839; 0.333466; 0.333302; 0.333199; 0.332126; 0.330869; 0.331310; 0.332410; 0.333099; 0.332648; 0.332469; 0.331467; 0.330962; 0.333948; 0.337348; 0.341437; 0.345182; 0.348786; 0.352470; 0.353307; 0.354245; 0.353522; 0.353142; 0.353669; 0.353995; 0.352212; 0.350732; 0.349260; 0.347734; 0.346026; 0.342285; 0.341376; 0.340405; 0.338892; 0.339371; 0.340028; 0.339904; 0.338779; 0.338716; 0.340489; 0.341336; 0.343754; 0.345878; 0.347712; 0.349800; 0.352283; 0.351833; 0.352959; 0.355302; 0.356355; 0.356565; 0.357318; 0.359149; 0.359151; 0.359694; (); (); (); (); (); (); (); (); (); (); (); (); (); (); (); (); (); (); (); (); (); (); (); (); (); (); (); (); (); (); (); 
17.2; 08:02:35; (); (); (); (); (); (); (); (); (); (); (); (); (); (); (); (); (); (); (); (); (); (); (); (); (); (); (); (); (); (); (); (); (); (); (); (); (); (); (); (); (); 0.333659; 0.331499; 0.332242; 0.331895; 0.331325; 0.332215; 0.333548; 0.335357; 0.336565; 0.337996; 0.339335; 0.339496; 0.337042; 0.334029; 0.332384; 0.333783; 0.333047; 0.333131; 0.335845; 0.338425; 0.339503; 0.340352; 0.340768; 0.339650; 0.340333; 0.342989; 0.348590; 0.353557; 0.358151; 0.361327; 0.363472; 0.365727; 0.364241; 0.362816; 0.361384; 0.359980; 0.359402; 0.359549; 0.358749; 0.355306; 0.351745; 0.348456; 0.344225; 0.338337; 0.336722; 0.336634; 0.337095; 0.339210; 0.340356; 0.340713; 0.339940; 0.338640; 0.337649; 0.336707; 0.338550; 0.341253; 0.344070; 0.348197; 0.351533; 0.351494; 0.351856; 0.351827; 0.351206; 0.350154; 0.350544; 0.352203; 0.354084; 0.355788; (); (); (); (); (); (); (); (); (); (); (); (); (); (); (); (); (); (); (); (); (); (); (); (); (); (); (); (); (); (); (); 
18.2; 08:02:40; (); (); (); (); (); (); (); (); (); (); (); (); (); (); (); (); (); (); (); (); (); (); (); (); (); (); (); (); (); (); (); (); (); (); (); (); (); (); (); (); (); 0.335278; 0.333661; 0.331812; 0.331606; 0.331832; 0.331852; 0.331569; 0.331948; 0.334981; 0.337952; 0.340080; 0.340586; 0.338090; 0.335573; 0.334896; 0.334822; 0.334825; 0.335796; 0.336102; 0.338860; 0.341730; 0.343077; 0.343752; 0.344445; 0.342200; 0.341413; 0.343089; 0.346109; 0.349206; 0.352171; 0.356476; 0.358461; 0.358911; 0.359386; 0.357632; 0.356989; 0.357287; 0.356978; 0.353967; 0.353239; 0.351782; 0.350086; 0.348174; 0.345575; 0.345079; 0.343089; 0.342322; 0.342953; 0.343861; 0.344165; 0.343546; 0.343683; 0.344830; 0.346821; 0.349843; 0.352042; 0.352629; 0.353690; 0.355964; 0.354768; 0.355632; 0.357103; 0.357741; 0.357699; 0.358031; 0.358557; 0.358768; 0.358300; (); (); (); (); (); (); (); (); (); (); (); (); (); (); (); (); (); (); (); (); (); (); (); (); (); (); (); (); (); (); (); 
19.1; 08:02:45; (); (); (); (); (); (); (); (); (); (); (); (); (); (); (); (); (); (); (); (); (); (); (); (); (); (); (); (); (); (); (); (); (); (); (); (); (); (); (); (); (); 0.339664; 0.337941; 0.337339; 0.337946; 0.339277; 0.340120; 0.339748; 0.340151; 0.340298; 0.341241; 0.342308; 0.342714; 0.340617; 0.337004; 0.334965; 0.333771; 0.332878; 0.332405; 0.331224; 0.332229; 0.334361; 0.335076; 0.334131; 0.333432; 0.331331; 0.331874; 0.334353; 0.337022; 0.340294; 0.346095; 0.351565; 0.354084; 0.354162; 0.354316; 0.351843; 0.350471; 0.350569; 0.351008; 0.349459; 0.350215; 0.349131; 0.347296; 0.345361; 0.342425; 0.339434; 0.336220; 0.335838; 0.337181; 0.338805; 0.340971; 0.341806; 0.341792; 0.342128; 0.343115; 0.343781; 0.344763; 0.347056; 0.350010; 0.352395; 0.352897; 0.354881; 0.356111; 0.356125; 0.355216; 0.353623; 0.353631; 0.354150; 0.354539; (); (); (); (); (); (); (); (); (); (); (); (); (); (); (); (); (); (); (); (); (); (); (); (); (); (); (); (); (); (); (); 
20.1; 08:02:51; (); (); (); (); (); (); (); (); (); (); (); (); (); (); (); (); (); (); (); (); (); (); (); (); (); (); (); (); (); (); (); (); (); (); (); (); (); (); (); (); (); 0.339451; 0.337847; 0.335058; 0.335707; 0.336516; 0.336640; 0.336050; 0.335855; 0.337645; 0.340091; 0.341866; 0.341216; 0.339028; 0.338488; 0.338598; 0.337968; 0.337908; 0.338845; 0.338552; 0.342301; 0.344597; 0.346524; 0.347874; 0.349674; 0.347970; 0.345583; 0.345707; 0.348012; 0.350088; 0.353327; 0.357557; 0.360379; 0.361625; 0.361363; 0.357359; 0.356963; 0.357290; 0.356481; 0.352860; 0.352618; 0.352125; 0.351105; 0.349891; 0.347981; 0.346915; 0.344983; 0.344098; 0.344508; 0.345861; 0.346609; 0.346409; 0.345785; 0.345613; 0.348508; 0.351403; 0.352378; 0.352900; 0.354442; 0.356305; 0.355716; 0.356242; 0.356816; 0.357039; 0.356912; 0.357325; 0.356897; 0.358134; 0.357239; (); (); (); (); (); (); (); (); (); (); (); (); (); (); (); (); (); (); (); (); (); (); (); (); (); (); (); (); (); (); (); 
21.1; 08:02:56; (); (); (); (); (); (); (); (); (); (); (); (); (); (); (); (); (); (); (); (); (); (); (); (); (); (); (); (); (); (); (); (); (); (); (); (); (); (); (); (); (); 0.332832; 0.331409; 0.331619; 0.332269; 0.333066; 0.334190; 0.335418; 0.337420; 0.338494; 0.339795; 0.340544; 0.341482; 0.339616; 0.336045; 0.334320; 0.334030; 0.332926; 0.332998; 0.333294; 0.334274; 0.336233; 0.337639; 0.336022; 0.332940; 0.332008; 0.334128; 0.339338; 0.343989; 0.348383; 0.351817; 0.356450; 0.359350; 0.358438; 0.358283; 0.357055; 0.355348; 0.353924; 0.354459; 0.354739; 0.353766; 0.352257; 0.350170; 0.347090; 0.342013; 0.340193; 0.337487; 0.337103; 0.338649; 0.339750; 0.339249; 0.338850; 0.338685; 0.338540; 0.338694; 0.340995; 0.342138; 0.344605; 0.349132; 0.351336; 0.351403; 0.352618; 0.352910; 0.352649; 0.352560; 0.353161; 0.354846; 0.356092; 0.357371; (); (); (); (); (); (); (); (); (); (); (); (); (); (); (); (); (); (); (); (); (); (); (); (); (); (); (); (); (); (); (); 
22.1; 08:03:01; (); (); (); (); (); (); (); (); (); (); (); (); (); (); (); (); (); (); (); (); (); (); (); (); (); (); (); (); (); (); (); (); (); (); (); (); (); (); (); (); (); 0.335508; 0.335794; 0.336146; 0.336168; 0.334783; 0.335641; 0.336326; 0.336473; 0.337110; 0.338763; 0.342073; 0.342580; 0.340866; 0.338335; 0.335591; 0.335248; 0.333722; 0.332246; 0.333071; 0.337282; 0.340101; 0.340782; 0.341184; 0.340605; 0.338771; 0.339892; 0.344388; 0.347078; 0.349930; 0.353813; 0.357433; 0.361679; 0.362894; 0.362056; 0.359036; 0.357967; 0.357500; 0.357759; 0.358257; 0.357017; 0.355494; 0.353085; 0.351115; 0.350178; 0.349137; 0.348517; 0.348808; 0.349596; 0.349052; 0.348562; 0.348811; 0.350903; 0.353651; 0.356674; 0.358596; 0.359813; 0.361169; 0.361365; 0.361856; 0.363072; 0.363250; 0.363365; 0.365095; 0.367262; 0.368594; 0.369091; 0.367384; 0.363908; (); (); (); (); (); (); (); (); (); (); (); (); (); (); (); (); (); (); (); (); (); (); (); (); (); (); (); (); (); (); (); 
23.0; 08:03:07; (); (); (); (); (); (); (); (); (); (); (); (); (); (); (); (); (); (); (); (); (); (); (); (); (); (); (); (); (); (); (); (); (); (); (); (); (); (); (); (); (); 0.335436; 0.333923; 0.333055; 0.334321; 0.334695; 0.334793; 0.335153; 0.335812; 0.336509; 0.336255; 0.337871; 0.338343; 0.337386; 0.336666; 0.335782; 0.335086; 0.334935; 0.333456; 0.333535; 0.337413; 0.339961; 0.341446; 0.343435; 0.344815; 0.344842; 0.346257; 0.348704; 0.348602; 0.349113; 0.351610; 0.356049; 0.359108; 0.360420; 0.360235; 0.357986; 0.355960; 0.353439; 0.351290; 0.349147; 0.347382; 0.346363; 0.344495; 0.344446; 0.344803; 0.344165; 0.343017; 0.343303; 0.343149; 0.341763; 0.341434; 0.343375; 0.345482; 0.348274; 0.351862; 0.353523; 0.354821; 0.356904; 0.357364; 0.357612; 0.357904; 0.357619; 0.357753; 0.360177; 0.361797; 0.361816; 0.361540; 0.361340; 0.358399; (); (); (); (); (); (); (); (); (); (); (); (); (); (); (); (); (); (); (); (); (); (); (); (); (); (); (); (); (); (); (); 
24.0; 08:03:12; (); (); (); (); (); (); (); (); (); (); (); (); (); (); (); (); (); (); (); (); (); (); (); (); (); (); (); (); (); (); (); (); (); (); (); (); (); (); (); (); (); 0.331320; 0.330006; 0.329628; 0.329838; 0.330730; 0.332120; 0.333054; 0.333593; 0.336252; 0.339300; 0.340707; 0.341014; 0.338880; 0.334991; 0.332567; 0.332501; 0.332863; 0.332518; 0.332524; 0.333809; 0.334672; 0.334516; 0.333904; 0.334214; 0.333025; 0.332605; 0.335895; 0.338885; 0.342607; 0.346683; 0.350234; 0.353169; 0.354094; 0.355075; 0.354163; 0.353903; 0.354936; 0.355086; 0.352693; 0.352111; 0.350894; 0.348722; 0.346956; 0.343770; 0.342995; 0.341876; 0.340459; 0.340650; 0.340934; 0.341010; 0.339793; 0.339793; 0.341874; 0.342941; 0.345431; 0.348168; 0.349882; 0.351206; 0.352928; 0.352474; 0.353473; 0.354690; 0.355571; 0.355744; 0.356472; 0.358474; 0.357367; 0.357750; (); (); (); (); (); (); (); (); (); (); (); (); (); (); (); (); (); (); (); (); (); (); (); (); (); (); (); (); (); (); (); 
25.0; 08:03:17; (); (); (); (); (); (); (); (); (); (); (); (); (); (); (); (); (); (); (); (); (); (); (); (); (); (); (); (); (); (); (); (); (); (); (); (); (); (); (); (); (); 0.331320; 0.338486; 0.335562; 0.337014; 0.337630; 0.336908; 0.336749; 0.336558; 0.335499; 0.336516; 0.337387; 0.337404; 0.336784; 0.336954; 0.337215; 0.336671; 0.336993; 0.336221; 0.335859; 0.339905; 0.342693; 0.344902; 0.348576; 0.350317; 0.348032; 0.348353; 0.349599; 0.349433; 0.349420; 0.351531; 0.355358; 0.358571; 0.359993; 0.357719; 0.355512; 0.354554; 0.351058; 0.346942; 0.345218; 0.344824; 0.344954; 0.343995; 0.343919; 0.344077; 0.344104; 0.343340; 0.343445; 0.343496; 0.342454; 0.342229; 0.343454; 0.346862; 0.350902; 0.353921; 0.355603; 0.356250; 0.358033; 0.358748; 0.359211; 0.360051; 0.360300; 0.360382; 0.362822; 0.365285; 0.365549; 0.365577; 0.364448; 0.361562; (); (); (); (); (); (); (); (); (); (); (); (); (); (); (); (); (); (); (); (); (); (); (); (); (); (); (); (); (); (); (); 
25.9; 08:03:22; (); (); (); (); (); (); (); (); (); (); (); (); (); (); (); (); (); (); (); (); (); (); (); (); (); (); (); (); (); (); (); (); (); (); (); (); (); (); (); (); (); (); 0.329920; 0.331419; 0.332936; 0.333204; 0.333607; 0.333373; 0.334036; 0.336071; 0.338855; 0.341452; 0.342584; 0.340739; 0.337285; 0.333930; 0.333221; 0.331276; 0.329681; 0.328589; 0.328677; 0.331587; 0.334092; 0.334029; 0.331658; 0.329076; 0.329219; 0.333091; 0.337649; 0.342057; 0.347072; 0.351809; 0.355861; 0.357081; 0.358637; 0.358496; 0.355527; 0.354429; 0.355556; 0.355924; 0.354930; 0.353378; 0.351312; 0.349531; 0.345907; 0.342999; 0.341720; 0.340371; 0.340882; 0.341830; 0.343194; 0.344483; 0.344675; 0.345859; 0.346689; 0.348771; 0.350720; 0.351810; 0.352593; 0.354079; 0.355698; 0.357316; 0.358786; 0.359327; 0.359048; 0.358824; 0.359070; 0.358507; 0.357766; (); (); (); (); (); (); (); (); (); (); (); (); (); (); (); (); (); (); (); (); (); (); (); (); (); (); (); (); (); (); (); 
26.9; 08:03:28; (); (); (); (); (); (); (); (); (); (); (); (); (); (); (); (); (); (); (); (); (); (); (); (); (); (); (); (); (); (); (); (); (); (); (); (); (); (); (); (); (); 0.342023; 0.339369; 0.336068; 0.337038; 0.337889; 0.337132; 0.336434; 0.335743; 0.333535; 0.335804; 0.337332; 0.336857; 0.336308; 0.336315; 0.337008; 0.336836; 0.336989; 0.336872; 0.336032; 0.339302; 0.342211; 0.344956; 0.349083; 0.352265; 0.349343; 0.347475; 0.347018; 0.346951; 0.347371; 0.349492; 0.353881; 0.357608; 0.359268; 0.358475; 0.355246; 0.353688; 0.350208; 0.345800; 0.343409; 0.344381; 0.346091; 0.346332; 0.345870; 0.345677; 0.345343; 0.343578; 0.342455; 0.342197; 0.342013; 0.342275; 0.343972; 0.347140; 0.351059; 0.354409; 0.356252; 0.356631; 0.357731; 0.358456; 0.358447; 0.358947; 0.360622; 0.361442; 0.363160; 0.365471; 0.366524; 0.366427; 0.365614; 0.362498; (); (); (); (); (); (); (); (); (); (); (); (); (); (); (); (); (); (); (); (); (); (); (); (); (); (); (); (); (); (); (); 
27.9; 08:03:33; (); (); (); (); (); (); (); (); (); (); (); (); (); (); (); (); (); (); (); (); (); (); (); (); (); (); (); (); (); (); (); (); (); (); (); (); (); (); (); (); (); 0.340495; 0.338653; 0.336043; 0.335281; 0.335092; 0.335095; 0.335105; 0.334855; 0.336532; 0.339054; 0.340776; 0.339918; 0.336999; 0.335505; 0.334615; 0.334224; 0.334215; 0.335050; 0.335195; 0.338392; 0.341001; 0.341923; 0.343138; 0.344755; 0.342433; 0.341842; 0.343368; 0.346511; 0.349572; 0.352390; 0.356776; 0.360072; 0.360635; 0.360615; 0.358155; 0.357731; 0.358585; 0.357572; 0.354134; 0.353462; 0.352183; 0.350421; 0.347831; 0.344425; 0.343834; 0.342123; 0.341152; 0.341967; 0.343107; 0.343457; 0.342827; 0.342297; 0.344034; 0.346947; 0.349447; 0.350697; 0.351537; 0.353270; 0.356092; 0.355741; 0.357268; 0.358639; 0.359129; 0.359462; 0.360017; 0.360776; 0.361437; 0.360599; (); (); (); (); (); (); (); (); (); (); (); (); (); (); (); (); (); (); (); (); (); (); (); (); (); (); (); (); (); (); (); 
28.9; 08:03:38; (); (); (); (); (); (); (); (); (); (); (); (); (); (); (); (); (); (); (); (); (); (); (); (); (); (); (); (); (); (); (); (); (); (); (); (); (); (); (); (); (); 0.335746; 0.334583; 0.335308; 0.334924; 0.334288; 0.334952; 0.335973; 0.337146; 0.337773; 0.338697; 0.340000; 0.341007; 0.339880; 0.336067; 0.333975; 0.334989; 0.333934; 0.333978; 0.335828; 0.339029; 0.340514; 0.341234; 0.341657; 0.340876; 0.340467; 0.342375; 0.348403; 0.352792; 0.357141; 0.360537; 0.362719; 0.364961; 0.364138; 0.362821; 0.361190; 0.359931; 0.359119; 0.359287; 0.358953; 0.357426; 0.353837; 0.350316; 0.346505; 0.340711; 0.338944; 0.338390; 0.338365; 0.340013; 0.341099; 0.341677; 0.341123; 0.340369; 0.339515; 0.338048; 0.339987; 0.342440; 0.345145; 0.348531; 0.351582; 0.351917; 0.352600; 0.352513; 0.351867; 0.350963; 0.351233; 0.352617; 0.353840; 0.355338; (); (); (); (); (); (); (); (); (); (); (); (); (); (); (); (); (); (); (); (); (); (); (); (); (); (); (); (); (); (); (); 
29.8; 08:03:44; (); (); (); (); (); (); (); (); (); (); (); (); (); (); (); (); (); (); (); (); (); (); (); (); (); (); (); (); (); (); (); (); (); (); (); (); (); (); (); (); (); (); 0.334016; 0.334822; 0.335808; 0.335190; 0.335030; 0.334870; 0.334987; 0.336207; 0.338964; 0.341708; 0.343318; 0.341678; 0.338082; 0.334489; 0.334602; 0.333106; 0.331840; 0.331576; 0.332919; 0.335459; 0.337704; 0.339005; 0.337599; 0.335309; 0.335369; 0.339737; 0.344449; 0.348887; 0.352491; 0.355854; 0.360267; 0.361551; 0.362756; 0.362536; 0.359379; 0.358256; 0.358766; 0.358602; 0.357246; 0.354833; 0.351856; 0.349593; 0.345890; 0.343596; 0.342779; 0.342216; 0.342351; 0.342294; 0.343782; 0.345657; 0.345770; 0.347193; 0.349138; 0.350919; 0.352300; 0.353096; 0.353681; 0.355368; 0.357425; 0.358888; 0.359657; 0.360617; 0.360997; 0.360597; 0.360626; 0.360497; 0.358795; (); (); (); (); (); (); (); (); (); (); (); (); (); (); (); (); (); (); (); (); (); (); (); (); (); (); (); (); (); (); (); 
30.8; 08:03:49; (); (); (); (); (); (); (); (); (); (); (); (); (); (); (); (); (); (); (); (); (); (); (); (); (); (); (); (); (); (); (); (); (); (); (); (); (); (); (); (); (); 0.339547; 0.337120; 0.334462; 0.336255; 0.336912; 0.336928; 0.337140; 0.336635; 0.335522; 0.337203; 0.338649; 0.338474; 0.337891; 0.337852; 0.338126; 0.337784; 0.338409; 0.337389; 0.336269; 0.339381; 0.341318; 0.343086; 0.346177; 0.348335; 0.346245; 0.346354; 0.347650; 0.346777; 0.346038; 0.348066; 0.351485; 0.354716; 0.356520; 0.355681; 0.353960; 0.352716; 0.349031; 0.345350; 0.343719; 0.343194; 0.343317; 0.343049; 0.343891; 0.344719; 0.344839; 0.343877; 0.343357; 0.342971; 0.342056; 0.341462; 0.342938; 0.346160; 0.349918; 0.354125; 0.356320; 0.357625; 0.358898; 0.358775; 0.358705; 0.358957; 0.359393; 0.360004; 0.362495; 0.364705; 0.365746; 0.366040; 0.365281; 0.362228; (); (); (); (); (); (); (); (); (); (); (); (); (); (); (); (); (); (); (); (); (); (); (); (); (); (); (); (); (); (); (); 
31.8; 08:03:54; (); (); (); (); (); (); (); (); (); (); (); (); (); (); (); (); (); (); (); (); (); (); (); (); (); (); (); (); (); (); (); (); (); (); (); (); (); (); (); (); (); 0.334366; 0.333946; 0.335063; 0.335880; 0.335199; 0.335216; 0.334924; 0.334983; 0.336249; 0.338616; 0.341571; 0.343385; 0.342354; 0.338618; 0.333890; 0.333280; 0.331664; 0.330154; 0.329895; 0.330546; 0.333167; 0.335816; 0.336828; 0.334888; 0.332723; 0.333658; 0.338672; 0.342446; 0.347077; 0.351654; 0.355862; 0.359202; 0.359958; 0.361465; 0.361085; 0.358871; 0.357885; 0.358688; 0.358444; 0.357264; 0.355342; 0.352588; 0.350676; 0.346911; 0.343876; 0.343061; 0.343084; 0.343492; 0.343743; 0.344795; 0.346291; 0.346416; 0.347762; 0.349569; 0.351714; 0.353163; 0.353961; 0.354336; 0.355849; 0.357465; 0.359270; 0.360684; 0.361734; 0.362178; 0.361864; 0.362283; 0.361578; 0.360215; (); (); (); (); (); (); (); (); (); (); (); (); (); (); (); (); (); (); (); (); (); (); (); (); (); (); (); (); (); (); (); 
32.8; 08:04:00; (); (); (); (); (); (); (); (); (); (); (); (); (); (); (); (); (); (); (); (); (); (); (); (); (); (); (); (); (); (); (); (); (); (); (); (); (); (); (); (); (); 0.342432; 0.340384; 0.339237; 0.339812; 0.340805; 0.340838; 0.339981; 0.339537; 0.338684; 0.339832; 0.341658; 0.341173; 0.338671; 0.336475; 0.335170; 0.334293; 0.333475; 0.332714; 0.331667; 0.332943; 0.334906; 0.336188; 0.336340; 0.337387; 0.334597; 0.333586; 0.335242; 0.337973; 0.341532; 0.347020; 0.351573; 0.354550; 0.355551; 0.355272; 0.352584; 0.351226; 0.350396; 0.348790; 0.347171; 0.348788; 0.348326; 0.347923; 0.346329; 0.342643; 0.339501; 0.336400; 0.335291; 0.336382; 0.338495; 0.340526; 0.341921; 0.343523; 0.345326; 0.347163; 0.348315; 0.348703; 0.348604; 0.351085; 0.353651; 0.354574; 0.357553; 0.359020; 0.359101; 0.358656; 0.358008; 0.357262; 0.357596; 0.356997; (); (); (); (); (); (); (); (); (); (); (); (); (); (); (); (); (); (); (); (); (); (); (); (); (); (); (); (); (); (); (); 
33.7; 08:04:05; (); (); (); (); (); (); (); (); (); (); (); (); (); (); (); (); (); (); (); (); (); (); (); (); (); (); (); (); (); (); (); (); (); (); (); (); (); (); (); (); (); 0.334030; 0.333146; 0.334190; 0.335094; 0.335367; 0.336008; 0.335992; 0.336451; 0.337999; 0.340742; 0.341848; 0.342452; 0.340222; 0.335608; 0.332767; 0.332697; 0.331626; 0.329987; 0.328850; 0.328884; 0.330993; 0.333204; 0.333337; 0.331492; 0.329628; 0.330541; 0.334986; 0.338100; 0.342303; 0.346963; 0.350681; 0.354524; 0.356394; 0.357731; 0.356816; 0.354659; 0.354106; 0.354989; 0.355173; 0.353924; 0.351826; 0.350013; 0.348803; 0.344567; 0.342539; 0.341619; 0.340303; 0.340283; 0.341086; 0.342632; 0.343548; 0.343435; 0.344607; 0.345164; 0.346873; 0.348986; 0.350637; 0.352059; 0.353941; 0.355390; 0.357639; 0.359591; 0.360338; 0.360480; 0.360463; 0.361324; 0.360566; 0.361310; (); (); (); (); (); (); (); (); (); (); (); (); (); (); (); (); (); (); (); (); (); (); (); (); (); (); (); (); (); (); (); 
34.7; 08:04:10; (); (); (); (); (); (); (); (); (); (); (); (); (); (); (); (); (); (); (); (); (); (); (); (); (); (); (); (); (); (); (); (); (); (); (); (); (); (); (); (); (); 0.341642; 0.339689; 0.338473; 0.338852; 0.339855; 0.339823; 0.339214; 0.339489; 0.339021; 0.339627; 0.341049; 0.341411; 0.338824; 0.335814; 0.334450; 0.333444; 0.332698; 0.332216; 0.331528; 0.332968; 0.335322; 0.336358; 0.335939; 0.336325; 0.333878; 0.333389; 0.335117; 0.337950; 0.341738; 0.345788; 0.350572; 0.354135; 0.354807; 0.354697; 0.351611; 0.350345; 0.349840; 0.349045; 0.347012; 0.348353; 0.347771; 0.347167; 0.345227; 0.341756; 0.339054; 0.335985; 0.334164; 0.334814; 0.336785; 0.339205; 0.340286; 0.341711; 0.343948; 0.345905; 0.346982; 0.347548; 0.347782; 0.350412; 0.353022; 0.354293; 0.356744; 0.358183; 0.358585; 0.358148; 0.357135; 0.356628; 0.356575; 0.355408; (); (); (); (); (); (); (); (); (); (); (); (); (); (); (); (); (); (); (); (); (); (); (); (); (); (); (); (); (); (); (); 
35.7; 08:04:16; (); (); (); (); (); (); (); (); (); (); (); (); (); (); (); (); (); (); (); (); (); (); (); (); (); (); (); (); (); (); (); (); (); (); (); (); (); (); (); (); (); 0.341642; 0.336647; 0.334550; 0.335109; 0.335390; 0.335850; 0.336106; 0.336160; 0.337498; 0.339604; 0.341902; 0.342055; 0.339574; 0.338939; 0.338485; 0.337575; 0.337386; 0.337688; 0.336864; 0.340247; 0.343484; 0.345258; 0.347579; 0.349240; 0.346525; 0.344777; 0.346089; 0.348498; 0.349706; 0.352607; 0.357260; 0.360313; 0.361570; 0.360309; 0.356878; 0.356242; 0.355875; 0.354052; 0.351208; 0.351155; 0.350965; 0.349796; 0.348008; 0.346366; 0.345751; 0.344280; 0.343524; 0.344012; 0.345254; 0.345469; 0.345339; 0.344925; 0.346640; 0.349409; 0.352019; 0.353576; 0.354580; 0.356859; 0.358834; 0.358562; 0.358909; 0.359182; 0.359775; 0.360520; 0.361068; 0.361340; 0.362717; 0.361076; (); (); (); (); (); (); (); (); (); (); (); (); (); (); (); (); (); (); (); (); (); (); (); (); (); (); (); (); (); (); (); 
36.7; 08:04:21; (); (); (); (); (); (); (); (); (); (); (); (); (); (); (); (); (); (); (); (); (); (); (); (); (); (); (); (); (); (); (); (); (); (); (); (); (); (); (); (); (); 0.330296; 0.329672; 0.330990; 0.331798; 0.331203; 0.331898; 0.332819; 0.334109; 0.335265; 0.337206; 0.338570; 0.339047; 0.337134; 0.333900; 0.333469; 0.333991; 0.332574; 0.332192; 0.333539; 0.335549; 0.337281; 0.338677; 0.338988; 0.337147; 0.336410; 0.338739; 0.343626; 0.347293; 0.352852; 0.356741; 0.359714; 0.362171; 0.361916; 0.361370; 0.360186; 0.358339; 0.357383; 0.356824; 0.356001; 0.354183; 0.351659; 0.349184; 0.346074; 0.339703; 0.337327; 0.336144; 0.335950; 0.337302; 0.338438; 0.338732; 0.337989; 0.337128; 0.336906; 0.336556; 0.338977; 0.342072; 0.344732; 0.347661; 0.350390; 0.351184; 0.351894; 0.351963; 0.351444; 0.350766; 0.351483; 0.353246; 0.354747; 0.355933; (); (); (); (); (); (); (); (); (); (); (); (); (); (); (); (); (); (); (); (); (); (); (); (); (); (); (); (); (); (); (); 
37.6; 08:04:26; (); (); (); (); (); (); (); (); (); (); (); (); (); (); (); (); (); (); (); (); (); (); (); (); (); (); (); (); (); (); (); (); (); (); (); (); (); (); (); (); (); 0.336119; 0.335670; 0.335475; 0.335575; 0.334455; 0.334434; 0.335359; 0.335929; 0.337030; 0.339087; 0.342666; 0.343660; 0.341316; 0.339395; 0.337345; 0.336296; 0.335174; 0.334250; 0.335031; 0.340117; 0.342769; 0.343510; 0.343652; 0.342958; 0.340509; 0.340343; 0.343585; 0.346441; 0.349962; 0.353720; 0.356570; 0.360429; 0.361628; 0.360402; 0.357457; 0.356423; 0.356376; 0.356586; 0.356910; 0.356583; 0.355321; 0.353345; 0.351733; 0.350332; 0.349068; 0.348782; 0.349349; 0.349849; 0.349746; 0.349303; 0.349022; 0.350601; 0.353169; 0.355818; 0.358157; 0.359236; 0.360309; 0.360338; 0.361821; 0.362948; 0.362981; 0.362793; 0.364497; 0.366864; 0.368329; 0.369003; 0.367756; 0.364111; (); (); (); (); (); (); (); (); (); (); (); (); (); (); (); (); (); (); (); (); (); (); (); (); (); (); (); (); (); (); (); 
38.6; 08:04:31; (); (); (); (); (); (); (); (); (); (); (); (); (); (); (); (); (); (); (); (); (); (); (); (); (); (); (); (); (); (); (); (); (); (); (); (); (); (); (); (); (); 0.338945; 0.336275; 0.336499; 0.336307; 0.335661; 0.336248; 0.336999; 0.337745; 0.338298; 0.339718; 0.340749; 0.340260; 0.337811; 0.334328; 0.332876; 0.334355; 0.333591; 0.332827; 0.335391; 0.337639; 0.338797; 0.339377; 0.340434; 0.340480; 0.340696; 0.342821; 0.349607; 0.354018; 0.358317; 0.361298; 0.363263; 0.364845; 0.364444; 0.363261; 0.361623; 0.360276; 0.360159; 0.359646; 0.357882; 0.355128; 0.351725; 0.347845; 0.345541; 0.340053; 0.336605; 0.336205; 0.336846; 0.338503; 0.339494; 0.340714; 0.340178; 0.338782; 0.338673; 0.337706; 0.340188; 0.344186; 0.347492; 0.349537; 0.351624; 0.352791; 0.353403; 0.353412; 0.352916; 0.351744; 0.351586; 0.353760; 0.354874; 0.354995; (); (); (); (); (); (); (); (); (); (); (); (); (); (); (); (); (); (); (); (); (); (); (); (); (); (); (); (); (); (); (); 
39.6; 08:04:37; (); (); (); (); (); (); (); (); (); (); (); (); (); (); (); (); (); (); (); (); (); (); (); (); (); (); (); (); (); (); (); (); (); (); (); (); (); (); (); (); (); 0.330427; 0.328955; 0.328749; 0.329886; 0.331279; 0.332263; 0.333008; 0.334487; 0.337260; 0.340269; 0.342662; 0.343382; 0.340885; 0.336919; 0.333482; 0.333004; 0.333221; 0.333091; 0.332276; 0.332672; 0.333546; 0.333512; 0.332440; 0.331385; 0.329828; 0.328716; 0.332218; 0.335815; 0.339418; 0.343381; 0.347904; 0.351021; 0.351603; 0.352548; 0.352257; 0.352523; 0.353511; 0.353889; 0.351937; 0.351312; 0.350366; 0.348815; 0.347460; 0.344160; 0.341943; 0.340285; 0.338960; 0.339934; 0.340623; 0.340511; 0.339656; 0.338964; 0.340145; 0.341134; 0.343596; 0.346245; 0.348175; 0.350211; 0.351516; 0.351400; 0.353650; 0.355043; 0.355334; 0.355107; 0.355799; 0.357352; 0.357656; 0.358914; (); (); (); (); (); (); (); (); (); (); (); (); (); (); (); (); (); (); (); (); (); (); (); (); (); (); (); (); (); (); (); 
40.5; 08:04:42; (); (); (); (); (); (); (); (); (); (); (); (); (); (); (); (); (); (); (); (); (); (); (); (); (); (); (); (); (); (); (); (); (); (); (); (); (); (); (); (); (); 0.342863; 0.340090; 0.336914; 0.338031; 0.338818; 0.337884; 0.336628; 0.335504; 0.333005; 0.335446; 0.336807; 0.336495; 0.335733; 0.335677; 0.336134; 0.336056; 0.336200; 0.335534; 0.333938; 0.336613; 0.339559; 0.342711; 0.346618; 0.350570; 0.346773; 0.344852; 0.344507; 0.344355; 0.345062; 0.347470; 0.351361; 0.355238; 0.357012; 0.356378; 0.353328; 0.352315; 0.349625; 0.344930; 0.342909; 0.344152; 0.345430; 0.345866; 0.345349; 0.344572; 0.343714; 0.342066; 0.340508; 0.340672; 0.341392; 0.342250; 0.343278; 0.345879; 0.349566; 0.352297; 0.353909; 0.354677; 0.355360; 0.356425; 0.357045; 0.358173; 0.360099; 0.361237; 0.363013; 0.364443; 0.365311; 0.365483; 0.364811; 0.362647; (); (); (); (); (); (); (); (); (); (); (); (); (); (); (); (); (); (); (); (); (); (); (); (); (); (); (); (); (); (); (); 
41.5; 08:04:47; (); (); (); (); (); (); (); (); (); (); (); (); (); (); (); (); (); (); (); (); (); (); (); (); (); (); (); (); (); (); (); (); (); (); (); (); (); (); (); (); (); 0.337263; 0.335958; 0.334413; 0.335019; 0.335412; 0.335905; 0.335881; 0.335769; 0.337432; 0.339756; 0.341802; 0.342890; 0.340976; 0.339976; 0.338883; 0.338132; 0.338266; 0.338637; 0.338239; 0.342383; 0.344722; 0.346281; 0.347771; 0.348669; 0.345596; 0.343612; 0.344296; 0.346852; 0.348907; 0.351439; 0.355767; 0.358720; 0.359715; 0.359275; 0.355500; 0.354209; 0.353827; 0.352930; 0.350869; 0.351457; 0.351170; 0.349972; 0.347782; 0.345314; 0.344756; 0.343311; 0.343077; 0.344039; 0.344843; 0.344932; 0.344920; 0.344910; 0.345661; 0.348549; 0.351079; 0.352083; 0.352795; 0.355620; 0.358104; 0.357859; 0.358558; 0.359434; 0.360083; 0.361085; 0.361906; 0.362188; 0.363895; 0.362218; (); (); (); (); (); (); (); (); (); (); (); (); (); (); (); (); (); (); (); (); (); (); (); (); (); (); (); (); (); (); (); 
42.5; 08:04:53; (); (); (); (); (); (); (); (); (); (); (); (); (); (); (); (); (); (); (); (); (); (); (); (); (); (); (); (); (); (); (); (); (); (); (); (); (); (); (); (); (); 0.336241; 0.335204; 0.335122; 0.335377; 0.334906; 0.335800; 0.336614; 0.337721; 0.338474; 0.339944; 0.341746; 0.342095; 0.339607; 0.335803; 0.333690; 0.334855; 0.333792; 0.334078; 0.335760; 0.337834; 0.338940; 0.339764; 0.339349; 0.337604; 0.336782; 0.339458; 0.344834; 0.348948; 0.353863; 0.357445; 0.359983; 0.362574; 0.361725; 0.360195; 0.358289; 0.357144; 0.356800; 0.357267; 0.357136; 0.354710; 0.351632; 0.348876; 0.344607; 0.338639; 0.337505; 0.336426; 0.335541; 0.337446; 0.340009; 0.340708; 0.340127; 0.339438; 0.338629; 0.336876; 0.339243; 0.342015; 0.344888; 0.348468; 0.351801; 0.351573; 0.352403; 0.352969; 0.352194; 0.350564; 0.350802; 0.352195; 0.352790; 0.354575; (); (); (); (); (); (); (); (); (); (); (); (); (); (); (); (); (); (); (); (); (); (); (); (); (); (); (); (); (); (); (); 
43.5; 08:04:58; (); (); (); (); (); (); (); (); (); (); (); (); (); (); (); (); (); (); (); (); (); (); (); (); (); (); (); (); (); (); (); (); (); (); (); (); (); (); (); (); (); 0.336135; 0.335878; 0.335768; 0.335926; 0.334897; 0.334514; 0.334495; 0.335202; 0.336780; 0.338745; 0.342121; 0.342976; 0.341332; 0.338959; 0.336197; 0.335502; 0.334320; 0.333403; 0.334592; 0.338632; 0.341076; 0.342376; 0.343068; 0.342294; 0.340408; 0.340289; 0.343683; 0.347773; 0.351462; 0.356059; 0.359465; 0.362733; 0.363150; 0.361916; 0.360313; 0.359564; 0.358494; 0.358392; 0.358198; 0.357112; 0.355204; 0.352908; 0.351101; 0.348881; 0.346658; 0.346045; 0.346352; 0.346971; 0.347133; 0.346809; 0.346912; 0.348775; 0.350927; 0.353721; 0.355864; 0.356850; 0.357699; 0.358056; 0.359481; 0.361061; 0.361911; 0.362844; 0.364524; 0.365998; 0.367068; 0.367523; 0.366386; 0.363551; (); (); (); (); (); (); (); (); (); (); (); (); (); (); (); (); (); (); (); (); (); (); (); (); (); (); (); (); (); (); (); 
44.4; 08:05:03; (); (); (); (); (); (); (); (); (); (); (); (); (); (); (); (); (); (); (); (); (); (); (); (); (); (); (); (); (); (); (); (); (); (); (); (); (); (); (); (); (); 0.336135; 0.331438; 0.332176; 0.332552; 0.331345; 0.331592; 0.332621; 0.334381; 0.334952; 0.334937; 0.335913; 0.336533; 0.335296; 0.332693; 0.331763; 0.332958; 0.331440; 0.330193; 0.332416; 0.336236; 0.337974; 0.339034; 0.339950; 0.340084; 0.341542; 0.345276; 0.351117; 0.353860; 0.357511; 0.360466; 0.362153; 0.364678; 0.365073; 0.364022; 0.362153; 0.360528; 0.359540; 0.358690; 0.357170; 0.353863; 0.349580; 0.346741; 0.344436; 0.340041; 0.337124; 0.337231; 0.337475; 0.338338; 0.338425; 0.339264; 0.339233; 0.338991; 0.339612; 0.340030; 0.342820; 0.346464; 0.348934; 0.351053; 0.353101; 0.353749; 0.353852; 0.354446; 0.354511; 0.353959; 0.354271; 0.355971; 0.356302; 0.355971; (); (); (); (); (); (); (); (); (); (); (); (); (); (); (); (); (); (); (); (); (); (); (); (); (); (); (); (); (); (); (); 
45.4; 08:05:09; (); (); (); (); (); (); (); (); (); (); (); (); (); (); (); (); (); (); (); (); (); (); (); (); (); (); (); (); (); (); (); (); (); (); (); (); (); (); (); (); (); (); 0.337211; 0.337018; 0.336496; 0.335186; 0.334928; 0.334896; 0.335517; 0.336926; 0.339251; 0.342610; 0.343001; 0.341018; 0.338246; 0.335410; 0.334604; 0.332879; 0.332265; 0.334236; 0.337733; 0.341132; 0.342577; 0.342731; 0.341547; 0.339550; 0.339956; 0.344225; 0.348038; 0.352075; 0.357676; 0.361395; 0.364850; 0.364978; 0.363320; 0.361955; 0.360511; 0.359346; 0.359837; 0.359534; 0.357899; 0.356133; 0.353454; 0.351376; 0.349077; 0.346750; 0.345707; 0.346128; 0.346722; 0.346702; 0.346500; 0.347215; 0.348792; 0.350366; 0.353631; 0.356482; 0.357268; 0.358153; 0.358553; 0.359645; 0.361169; 0.362438; 0.363335; 0.365090; 0.366589; 0.367352; 0.367695; 0.367015; 0.364000; (); (); (); (); (); (); (); (); (); (); (); (); (); (); (); (); (); (); (); (); (); (); (); (); (); (); (); (); (); (); (); 
46.4; 08:05:14; (); (); (); (); (); (); (); (); (); (); (); (); (); (); (); (); (); (); (); (); (); (); (); (); (); (); (); (); (); (); (); (); (); (); (); (); (); (); (); (); (); 0.333439; 0.331960; 0.333125; 0.333306; 0.332509; 0.332825; 0.333555; 0.335048; 0.336196; 0.336526; 0.337863; 0.338493; 0.336503; 0.333234; 0.332054; 0.333809; 0.332304; 0.332032; 0.334734; 0.337661; 0.339242; 0.340795; 0.341448; 0.340977; 0.340743; 0.343759; 0.348919; 0.352438; 0.357636; 0.360231; 0.361931; 0.364314; 0.363768; 0.362152; 0.360685; 0.359544; 0.358087; 0.357363; 0.356694; 0.354764; 0.351334; 0.348703; 0.345552; 0.339393; 0.337991; 0.337501; 0.337015; 0.338525; 0.339372; 0.339716; 0.339579; 0.339306; 0.339129; 0.339188; 0.341743; 0.344252; 0.346360; 0.348636; 0.351111; 0.351430; 0.351948; 0.352173; 0.351514; 0.350849; 0.351373; 0.352365; 0.353037; 0.353253; (); (); (); (); (); (); (); (); (); (); (); (); (); (); (); (); (); (); (); (); (); (); (); (); (); (); (); (); (); (); (); 
47.4; 08:05:19; (); (); (); (); (); (); (); (); (); (); (); (); (); (); (); (); (); (); (); (); (); (); (); (); (); (); (); (); (); (); (); (); (); (); (); (); (); (); (); (); (); (); 0.331654; 0.332536; 0.333748; 0.333866; 0.334263; 0.334385; 0.335094; 0.337036; 0.340243; 0.342403; 0.343433; 0.341552; 0.336989; 0.333438; 0.333063; 0.331822; 0.330299; 0.329269; 0.329997; 0.332705; 0.334549; 0.334360; 0.332116; 0.330047; 0.330221; 0.334635; 0.337915; 0.342347; 0.347498; 0.351256; 0.354857; 0.356542; 0.357827; 0.357822; 0.355140; 0.354513; 0.355768; 0.355598; 0.354328; 0.352221; 0.350592; 0.349450; 0.345338; 0.342815; 0.341464; 0.340211; 0.340874; 0.341775; 0.343057; 0.344145; 0.343787; 0.344311; 0.345026; 0.346662; 0.349614; 0.351074; 0.352046; 0.352887; 0.352945; 0.355096; 0.356771; 0.356964; 0.356496; 0.355905; 0.356271; 0.355396; 0.355825; (); (); (); (); (); (); (); (); (); (); (); (); (); (); (); (); (); (); (); (); (); (); (); (); (); (); (); (); (); (); (); 
48.3; 08:05:25; (); (); (); (); (); (); (); (); (); (); (); (); (); (); (); (); (); (); (); (); (); (); (); (); (); (); (); (); (); (); (); (); (); (); (); (); (); (); (); (); (); 0.337105; 0.335249; 0.334052; 0.335304; 0.335432; 0.335692; 0.335864; 0.336173; 0.336641; 0.337281; 0.338393; 0.337623; 0.337048; 0.336906; 0.336147; 0.335652; 0.335683; 0.334370; 0.334449; 0.338089; 0.339953; 0.341451; 0.343624; 0.344443; 0.344502; 0.346340; 0.349548; 0.348586; 0.348237; 0.351218; 0.355231; 0.357591; 0.358493; 0.357665; 0.356031; 0.354653; 0.351890; 0.350050; 0.348063; 0.346456; 0.345442; 0.343859; 0.344152; 0.344495; 0.344026; 0.343016; 0.343675; 0.343983; 0.342537; 0.342600; 0.344384; 0.346856; 0.349761; 0.353214; 0.354159; 0.355060; 0.356637; 0.357588; 0.358107; 0.358140; 0.357711; 0.357848; 0.359541; 0.360929; 0.361093; 0.361135; 0.360140; 0.357412; (); (); (); (); (); (); (); (); (); (); (); (); (); (); (); (); (); (); (); (); (); (); (); (); (); (); (); (); (); (); (); 
49.3; 08:05:30; (); (); (); (); (); (); (); (); (); (); (); (); (); (); (); (); (); (); (); (); (); (); (); (); (); (); (); (); (); (); (); (); (); (); (); (); (); (); (); (); (); 0.337215; 0.335331; 0.333851; 0.332829; 0.332602; 0.332974; 0.332997; 0.332783; 0.335777; 0.338550; 0.339717; 0.339548; 0.337144; 0.334162; 0.332546; 0.332639; 0.332885; 0.332984; 0.333762; 0.336944; 0.339447; 0.340332; 0.341207; 0.342592; 0.341464; 0.341797; 0.343876; 0.346413; 0.350083; 0.353379; 0.356657; 0.359449; 0.360120; 0.360288; 0.358064; 0.357889; 0.358312; 0.357260; 0.353115; 0.351757; 0.350060; 0.347715; 0.345498; 0.342319; 0.341754; 0.340689; 0.339921; 0.340411; 0.340868; 0.340942; 0.339906; 0.340491; 0.342191; 0.344374; 0.346941; 0.349085; 0.350009; 0.352117; 0.354737; 0.354050; 0.354601; 0.355820; 0.356502; 0.356849; 0.357374; 0.358203; 0.358099; 0.357190; (); (); (); (); (); (); (); (); (); (); (); (); (); (); (); (); (); (); (); (); (); (); (); (); (); (); (); (); (); (); (); 
50.3; 08:05:35; (); (); (); (); (); (); (); (); (); (); (); (); (); (); (); (); (); (); (); (); (); (); (); (); (); (); (); (); (); (); (); (); (); (); (); (); (); (); (); (); (); 0.341463; 0.338772; 0.336127; 0.337189; 0.337959; 0.336980; 0.335636; 0.334775; 0.333088; 0.335220; 0.336125; 0.335942; 0.335734; 0.335891; 0.336015; 0.335552; 0.335304; 0.334486; 0.333221; 0.335854; 0.338469; 0.341116; 0.344911; 0.349533; 0.346194; 0.345241; 0.344776; 0.345151; 0.346466; 0.349484; 0.353696; 0.357153; 0.359590; 0.358762; 0.355598; 0.354578; 0.352101; 0.347796; 0.344443; 0.345907; 0.346701; 0.347270; 0.346498; 0.344860; 0.343432; 0.341599; 0.340276; 0.340161; 0.340863; 0.341880; 0.343153; 0.345178; 0.348271; 0.350561; 0.352138; 0.353227; 0.354092; 0.355533; 0.356544; 0.357710; 0.359592; 0.360754; 0.362081; 0.363312; 0.364240; 0.364555; 0.365038; 0.364042; (); (); (); (); (); (); (); (); (); (); (); (); (); (); (); (); (); (); (); (); (); (); (); (); (); (); (); (); (); (); (); 
51.2; 08:05:40; (); (); (); (); (); (); (); (); (); (); (); (); (); (); (); (); (); (); (); (); (); (); (); (); (); (); (); (); (); (); (); (); (); (); (); (); (); (); (); (); (); 0.341463; 0.332602; 0.333303; 0.334133; 0.334948; 0.335258; 0.334512; 0.335155; 0.337210; 0.339490; 0.341880; 0.343229; 0.340361; 0.336575; 0.334412; 0.333519; 0.331461; 0.330304; 0.329298; 0.330141; 0.332557; 0.335021; 0.334573; 0.332814; 0.330924; 0.330331; 0.333437; 0.337054; 0.341897; 0.347103; 0.351865; 0.356124; 0.357241; 0.358243; 0.357221; 0.355097; 0.354311; 0.355327; 0.355501; 0.354370; 0.352358; 0.350803; 0.349546; 0.345450; 0.342766; 0.341125; 0.339447; 0.339894; 0.341202; 0.342581; 0.342869; 0.342823; 0.343483; 0.343669; 0.345532; 0.348033; 0.349432; 0.350877; 0.352062; 0.353215; 0.355239; 0.356441; 0.356752; 0.356390; 0.356329; 0.356966; 0.356813; 0.357148; (); (); (); (); (); (); (); (); (); (); (); (); (); (); (); (); (); (); (); (); (); (); (); (); (); (); (); (); (); (); (); 
52.2; 08:05:46; (); (); (); (); (); (); (); (); (); (); (); (); (); (); (); (); (); (); (); (); (); (); (); (); (); (); (); (); (); (); (); (); (); (); (); (); (); (); (); (); (); 0.341463; 0.336178; 0.334804; 0.334810; 0.333850; 0.334310; 0.335096; 0.336071; 0.336146; 0.335805; 0.336474; 0.336053; 0.335365; 0.333713; 0.332302; 0.332637; 0.332569; 0.331506; 0.333578; 0.337767; 0.339309; 0.339517; 0.340454; 0.341882; 0.343574; 0.347047; 0.351597; 0.352257; 0.354452; 0.357601; 0.359895; 0.361686; 0.362428; 0.360907; 0.359372; 0.358504; 0.357490; 0.356381; 0.353886; 0.350754; 0.347849; 0.345320; 0.344005; 0.341857; 0.339952; 0.340298; 0.341119; 0.341587; 0.340645; 0.340911; 0.341487; 0.342241; 0.344056; 0.346086; 0.348197; 0.350192; 0.352404; 0.353675; 0.355218; 0.355440; 0.355111; 0.354985; 0.356093; 0.356454; 0.356412; 0.357440; 0.357611; 0.355627; (); (); (); (); (); (); (); (); (); (); (); (); (); (); (); (); (); (); (); (); (); (); (); (); (); (); (); (); (); (); (); 
53.2; 08:05:51; (); (); (); (); (); (); (); (); (); (); (); (); (); (); (); (); (); (); (); (); (); (); (); (); (); (); (); (); (); (); (); (); (); (); (); (); (); (); (); (); (); 0.328859; 0.328559; 0.329279; 0.330515; 0.330955; 0.331936; 0.332272; 0.333084; 0.335327; 0.337992; 0.339854; 0.341349; 0.340212; 0.335224; 0.332565; 0.331963; 0.330932; 0.329921; 0.328984; 0.329648; 0.332260; 0.334226; 0.333614; 0.331019; 0.329323; 0.330394; 0.334665; 0.338482; 0.342999; 0.347395; 0.352027; 0.355802; 0.356931; 0.358356; 0.356900; 0.354711; 0.354129; 0.355293; 0.355538; 0.354411; 0.351614; 0.349334; 0.347851; 0.344356; 0.342430; 0.341340; 0.339947; 0.340604; 0.341833; 0.343493; 0.343994; 0.344294; 0.344972; 0.345029; 0.347661; 0.350704; 0.351683; 0.352752; 0.354195; 0.354374; 0.355957; 0.357006; 0.357270; 0.356791; 0.356435; 0.356615; 0.355440; 0.356151; (); (); (); (); (); (); (); (); (); (); (); (); (); (); (); (); (); (); (); (); (); (); (); (); (); (); (); (); (); (); (); 
54.1; 08:05:56; (); (); (); (); (); (); (); (); (); (); (); (); (); (); (); (); (); (); (); (); (); (); (); (); (); (); (); (); (); (); (); (); (); (); (); (); (); (); (); (); (); 0.336079; 0.334161; 0.334275; 0.333948; 0.333095; 0.333815; 0.334696; 0.335508; 0.335476; 0.335751; 0.337035; 0.337713; 0.336142; 0.332814; 0.331380; 0.332818; 0.331657; 0.331091; 0.332677; 0.336737; 0.338234; 0.338870; 0.340178; 0.340486; 0.341855; 0.344914; 0.349326; 0.352021; 0.355432; 0.359135; 0.361565; 0.363683; 0.363612; 0.362482; 0.360241; 0.359081; 0.358274; 0.357509; 0.356047; 0.353491; 0.349759; 0.346999; 0.345077; 0.340364; 0.338320; 0.338010; 0.338434; 0.339587; 0.340187; 0.341073; 0.341937; 0.342535; 0.343669; 0.344332; 0.346367; 0.348464; 0.349149; 0.350627; 0.353142; 0.352703; 0.352374; 0.352494; 0.352646; 0.351507; 0.350984; 0.350788; 0.349841; 0.347859; (); (); (); (); (); (); (); (); (); (); (); (); (); (); (); (); (); (); (); (); (); (); (); (); (); (); (); (); (); (); (); 
55.1; 08:06:02; (); (); (); (); (); (); (); (); (); (); (); (); (); (); (); (); (); (); (); (); (); (); (); (); (); (); (); (); (); (); (); (); (); (); (); (); (); (); (); (); (); 0.330720; 0.329825; 0.330206; 0.331255; 0.331760; 0.332959; 0.333697; 0.334750; 0.336717; 0.339378; 0.342369; 0.343674; 0.341241; 0.336659; 0.332670; 0.332059; 0.331550; 0.331089; 0.330162; 0.330537; 0.332120; 0.333396; 0.332625; 0.330609; 0.328999; 0.328985; 0.332576; 0.335949; 0.340055; 0.345073; 0.349347; 0.352759; 0.353841; 0.355202; 0.354430; 0.352690; 0.352436; 0.353851; 0.353543; 0.352309; 0.350684; 0.349208; 0.347829; 0.344333; 0.341414; 0.339880; 0.338727; 0.339418; 0.340200; 0.341163; 0.341954; 0.341652; 0.342371; 0.343046; 0.344684; 0.347435; 0.348908; 0.350585; 0.352264; 0.353099; 0.354669; 0.355352; 0.355500; 0.355318; 0.355210; 0.355763; 0.355258; 0.355491; (); (); (); (); (); (); (); (); (); (); (); (); (); (); (); (); (); (); (); (); (); (); (); (); (); (); (); (); (); (); (); 
56.1; 08:06:07; (); (); (); (); (); (); (); (); (); (); (); (); (); (); (); (); (); (); (); (); (); (); (); (); (); (); (); (); (); (); (); (); (); (); (); (); (); (); (); (); (); 0.336907; 0.335131; 0.334964; 0.335198; 0.334193; 0.334426; 0.334759; 0.335854; 0.336983; 0.336584; 0.336847; 0.336599; 0.335603; 0.333777; 0.331652; 0.332175; 0.331234; 0.330446; 0.331815; 0.335790; 0.337261; 0.338847; 0.340074; 0.340426; 0.341545; 0.344458; 0.349721; 0.351740; 0.354679; 0.357426; 0.359806; 0.361988; 0.362262; 0.360739; 0.359686; 0.358740; 0.357053; 0.355375; 0.353460; 0.351140; 0.348222; 0.345758; 0.344529; 0.341166; 0.339205; 0.338995; 0.339619; 0.340323; 0.340454; 0.341363; 0.342239; 0.343140; 0.345196; 0.347010; 0.348631; 0.350235; 0.351112; 0.351775; 0.353715; 0.353772; 0.353168; 0.353479; 0.353942; 0.353368; 0.352396; 0.352536; 0.351536; 0.349064; (); (); (); (); (); (); (); (); (); (); (); (); (); (); (); (); (); (); (); (); (); (); (); (); (); (); (); (); (); (); (); 
57.1; 08:06:12; (); (); (); (); (); (); (); (); (); (); (); (); (); (); (); (); (); (); (); (); (); (); (); (); (); (); (); (); (); (); (); (); (); (); (); (); (); (); (); (); (); 0.333164; 0.331863; 0.330828; 0.330707; 0.331248; 0.332241; 0.332773; 0.333322; 0.335766; 0.338430; 0.340356; 0.340428; 0.337665; 0.333856; 0.332034; 0.331720; 0.331896; 0.331956; 0.332018; 0.332825; 0.334596; 0.335227; 0.334914; 0.335659; 0.334313; 0.335095; 0.337785; 0.340916; 0.344904; 0.348455; 0.351891; 0.355534; 0.356127; 0.356584; 0.356101; 0.356346; 0.357202; 0.356473; 0.353960; 0.352481; 0.350760; 0.349147; 0.347452; 0.343929; 0.342811; 0.341526; 0.339623; 0.340213; 0.341199; 0.340631; 0.339211; 0.338837; 0.340827; 0.341893; 0.344907; 0.347292; 0.348869; 0.350635; 0.352826; 0.352679; 0.354651; 0.356077; 0.356766; 0.356905; 0.357849; 0.359423; 0.359639; 0.360584; (); (); (); (); (); (); (); (); (); (); (); (); (); (); (); (); (); (); (); (); (); (); (); (); (); (); (); (); (); (); (); 
58.0; 08:06:17; (); (); (); (); (); (); (); (); (); (); (); (); (); (); (); (); (); (); (); (); (); (); (); (); (); (); (); (); (); (); (); (); (); (); (); (); (); (); (); (); (); 0.340716; 0.339353; 0.338177; 0.338775; 0.339595; 0.338926; 0.337837; 0.338085; 0.337898; 0.339144; 0.340492; 0.340431; 0.337681; 0.334559; 0.332955; 0.331847; 0.331077; 0.330800; 0.329893; 0.330881; 0.333371; 0.334794; 0.334279; 0.333971; 0.331562; 0.330572; 0.332692; 0.335520; 0.340253; 0.345461; 0.349913; 0.353166; 0.353912; 0.354023; 0.351102; 0.349834; 0.349845; 0.349573; 0.348125; 0.349553; 0.348720; 0.347974; 0.346125; 0.342258; 0.339420; 0.336549; 0.335282; 0.335916; 0.338193; 0.340931; 0.342149; 0.342897; 0.344104; 0.345219; 0.346014; 0.347127; 0.347897; 0.350730; 0.352932; 0.354575; 0.357346; 0.358568; 0.359121; 0.358273; 0.357136; 0.356846; 0.357048; 0.357024; (); (); (); (); (); (); (); (); (); (); (); (); (); (); (); (); (); (); (); (); (); (); (); (); (); (); (); (); (); (); (); 
59.0; 08:06:23; (); (); (); (); (); (); (); (); (); (); (); (); (); (); (); (); (); (); (); (); (); (); (); (); (); (); (); (); (); (); (); (); (); (); (); (); (); (); (); (); (); 0.334876; 0.333597; 0.332613; 0.334106; 0.334585; 0.335364; 0.335959; 0.336438; 0.337064; 0.338865; 0.341846; 0.342763; 0.340668; 0.340234; 0.339901; 0.338809; 0.338324; 0.338031; 0.337179; 0.341611; 0.344671; 0.345740; 0.346511; 0.347206; 0.344217; 0.342602; 0.344082; 0.346083; 0.346587; 0.350349; 0.354787; 0.357468; 0.358874; 0.357395; 0.353057; 0.352034; 0.352098; 0.351400; 0.350614; 0.350870; 0.350133; 0.348890; 0.347636; 0.346855; 0.346316; 0.345195; 0.344946; 0.345150; 0.345942; 0.346196; 0.346154; 0.346183; 0.347760; 0.350295; 0.352877; 0.354741; 0.356409; 0.358333; 0.359392; 0.359271; 0.359584; 0.359885; 0.361152; 0.362588; 0.363565; 0.363679; 0.364177; 0.362056; (); (); (); (); (); (); (); (); (); (); (); (); (); (); (); (); (); (); (); (); (); (); (); (); (); (); (); (); (); (); (); 
60.0; 08:06:28; (); (); (); (); (); (); (); (); (); (); (); (); (); (); (); (); (); (); (); (); (); (); (); (); (); (); (); (); (); (); (); (); (); (); (); (); (); (); (); (); (); 0.337647; 0.335304; 0.335020; 0.334770; 0.333882; 0.334500; 0.335648; 0.336768; 0.338426; 0.339948; 0.340448; 0.340259; 0.338125; 0.334657; 0.332743; 0.334299; 0.333341; 0.333397; 0.334890; 0.337725; 0.338926; 0.339866; 0.340331; 0.339032; 0.338537; 0.341518; 0.347300; 0.351939; 0.356974; 0.359573; 0.361322; 0.363484; 0.362625; 0.361479; 0.360567; 0.359637; 0.358731; 0.358008; 0.357112; 0.354987; 0.351119; 0.347632; 0.345253; 0.339672; 0.337141; 0.336878; 0.337253; 0.338919; 0.340046; 0.340271; 0.339442; 0.338575; 0.338535; 0.337977; 0.340563; 0.343634; 0.346512; 0.349242; 0.351999; 0.352231; 0.352278; 0.352352; 0.351829; 0.350748; 0.351502; 0.353583; 0.354257; 0.355085; (); (); (); (); (); (); (); (); (); (); (); (); (); (); (); (); (); (); (); (); (); (); (); (); (); (); (); (); (); (); (); 
61.0; 08:06:33; (); (); (); (); (); (); (); (); (); (); (); (); (); (); (); (); (); (); (); (); (); (); (); (); (); (); (); (); (); (); (); (); (); (); (); (); (); (); (); (); (); 0.336499; 0.336756; 0.337222; 0.336866; 0.334521; 0.334658; 0.334671; 0.334653; 0.335925; 0.338019; 0.340535; 0.341644; 0.340302; 0.337115; 0.333039; 0.333639; 0.331791; 0.330494; 0.331693; 0.335190; 0.337857; 0.340236; 0.341257; 0.339269; 0.337295; 0.338665; 0.344146; 0.347631; 0.351695; 0.356729; 0.359843; 0.363692; 0.364740; 0.364378; 0.363022; 0.360930; 0.360028; 0.360455; 0.360663; 0.359570; 0.357297; 0.354149; 0.351790; 0.348935; 0.346008; 0.345355; 0.346133; 0.346183; 0.345965; 0.346424; 0.347625; 0.348838; 0.350940; 0.353242; 0.355068; 0.356295; 0.357084; 0.357530; 0.359473; 0.360998; 0.361733; 0.361835; 0.363539; 0.364723; 0.365109; 0.365237; 0.363722; 0.361010; (); (); (); (); (); (); (); (); (); (); (); (); (); (); (); (); (); (); (); (); (); (); (); (); (); (); (); (); (); (); (); 
61.9; 08:06:39; (); (); (); (); (); (); (); (); (); (); (); (); (); (); (); (); (); (); (); (); (); (); (); (); (); (); (); (); (); (); (); (); (); (); (); (); (); (); (); (); (); 0.336499; 0.335158; 0.333297; 0.335261; 0.335918; 0.335893; 0.335865; 0.335638; 0.334791; 0.335910; 0.337434; 0.337323; 0.337145; 0.337527; 0.337596; 0.337045; 0.337073; 0.335422; 0.334284; 0.337364; 0.339528; 0.342151; 0.345672; 0.347151; 0.345187; 0.345495; 0.346478; 0.345237; 0.345273; 0.347560; 0.351580; 0.355255; 0.356871; 0.356731; 0.354690; 0.353806; 0.350170; 0.346182; 0.344144; 0.343746; 0.344037; 0.343902; 0.344711; 0.345411; 0.345180; 0.344308; 0.343852; 0.343614; 0.342824; 0.341996; 0.343061; 0.346780; 0.351015; 0.354627; 0.356689; 0.357549; 0.358936; 0.358935; 0.358373; 0.358666; 0.358918; 0.359100; 0.361566; 0.363748; 0.364666; 0.364715; 0.363693; 0.360959; (); (); (); (); (); (); (); (); (); (); (); (); (); (); (); (); (); (); (); (); (); (); (); (); (); (); (); (); (); (); (); 
62.9; 08:06:44; (); (); (); (); (); (); (); (); (); (); (); (); (); (); (); (); (); (); (); (); (); (); (); (); (); (); (); (); (); (); (); (); (); (); (); (); (); (); (); (); (); 0.335680; 0.335992; 0.336267; 0.336280; 0.334265; 0.333629; 0.332977; 0.333059; 0.334241; 0.337052; 0.340741; 0.342700; 0.340789; 0.335902; 0.332413; 0.332596; 0.330649; 0.329953; 0.331135; 0.333607; 0.337276; 0.340082; 0.341013; 0.339809; 0.336968; 0.336645; 0.340942; 0.345070; 0.349009; 0.354144; 0.358412; 0.362329; 0.362772; 0.362878; 0.362094; 0.359795; 0.358465; 0.358986; 0.358839; 0.357586; 0.355522; 0.353013; 0.351210; 0.348054; 0.345299; 0.344345; 0.344654; 0.344916; 0.345011; 0.346023; 0.347716; 0.348517; 0.350419; 0.353206; 0.355530; 0.356761; 0.357501; 0.357811; 0.359714; 0.361434; 0.363007; 0.363979; 0.365607; 0.366727; 0.366991; 0.367180; 0.366658; 0.364014; (); (); (); (); (); (); (); (); (); (); (); (); (); (); (); (); (); (); (); (); (); (); (); (); (); (); (); (); (); (); (); 
70.6; 08:07:31; (); (); (); (); (); (); (); (); (); (); (); (); (); (); (); (); (); (); (); (); (); (); (); (); (); (); (); (); (); (); (); (); (); (); (); (); (); (); (); (); (); (); (); (); (); (); (); (); (); (); (); (); (); (); (); (); (); (); (); (); (); (); (); (); (); (); (); (); (); 0.091401; 0.093692; 0.094782; 0.094751; 0.093192; 0.092056; 0.091269; 0.091484; 0.092682; 0.093585; 0.093102; 0.092495; 0.091205; 0.089625; 0.088396; 0.087387; 0.085624; 0.085271; 0.084709; 0.084996; 0.085709; 0.085548; 0.084925; 0.084266; 0.084183; 0.084516; 0.085190; 0.086349; (); (); (); (); (); (); (); (); (); (); (); (); (); (); (); (); (); (); (); (); (); (); (); (); (); (); (); (); (); (); (); (); (); (); (); (); (); (); (); (); (); (); (); 
72.4; 08:07:48; 0.336863; (); (); (); (); (); (); 0.324903; 0.322698; 0.321681; 0.323074; 0.324563; 0.324567; 0.326476; 0.331199; 0.335142; 0.333226; 0.333772; 0.333795; 0.334961; (); (); (); (); (); (); (); (); (); (); (); (); (); (); (); (); (); (); (); (); (); 0.355509; 0.356365; 0.357177; 0.357979; 0.358751; 0.359183; 0.359366; 0.359990; 0.360899; 0.362232; 0.363193; 0.363678; 0.363303; 0.361794; 0.359452; 0.356399; 0.353207; 0.350943; 0.349750; 0.347963; 0.347244; 0.346463; 0.344382; 0.342361; 0.340185; 0.338055; 0.336616; 0.337689; 0.340356; 0.343569; 0.347216; 0.349991; 0.350662; 0.349228; 0.348274; 0.346347; 0.334648; 0.316017; 0.297267; 0.281045; 0.265382; 0.246677; 0.228774; 0.210511; 0.189480; 0.172905; 0.157634; 0.143446; 0.127817; 0.106530; 0.084205; 0.080642; 0.084897; (); (); (); (); (); (); (); (); (); (); (); (); (); (); (); (); (); (); (); (); (); (); (); (); (); (); (); (); (); (); (); (); (); (); (); (); (); (); (); (); (); (); (); (); (); (); 
75.7; 08:08:06; 0.182622; 0.159954; 0.144551; 0.128621; 0.110556; 0.094617; 0.077701; 0.059293; 0.056488; 0.057892; 0.059188; 0.060551; 0.062183; 0.063772; 0.064978; 0.065933; 0.067578; 0.068400; 0.068288; 0.067075; 0.065400; 0.064027; 0.063917; 0.064306; 0.064635; 0.064683; 0.064867; 0.065091; 0.065672; 0.066532; 0.067287; 0.066970; 0.066848; 0.068448; 0.070962; 0.072873; 0.073918; 0.073715; 0.073248; 0.072808; 0.073087; 0.073679; 0.074123; 0.074126; 0.074125; 0.074229; 0.074712; 0.074995; 0.072873; 0.063531; 0.026166; -0.033039; -0.102466; -0.154518; -0.172810; -0.189816; -0.209817; -0.236442; -0.263814; -0.296638; -0.342577; -0.392548; (); (); (); (); (); (); (); (); (); (); (); (); (); (); (); (); (); (); (); (); (); (); (); (); (); (); (); (); (); (); (); (); (); (); (); (); (); (); (); (); (); (); (); (); (); (); (); (); (); (); (); (); (); (); (); (); (); (); (); (); (); (); (); (); (); (); (); (); (); (); (); (); (); (); (); (); (); (); 
79.0; 08:08:18; (); (); (); (); (); (); (); (); (); (); (); (); (); (); (); (); (); (); (); (); (); (); (); (); (); (); (); (); (); (); (); (); (); (); (); (); (); (); (); (); (); (); (); (); (); (); (); (); (); (); (); (); (); (); (); (); (); (); (); (); (); (); (); (); (); (); (); (); (); (); (); (); (); (); (); (); (); (); (); (); (); (); (); (); (); (); (); (); (); (); (); (); (); (); (); (); (); (); (); (); (); (); (); (); (); (); (); (); (); (); (); (); (); (); (); (); (); (); (); (); (); (); (); (); (); (); (); (); (); (); (); (); (); (); (); (); (); (); (); (); 
81.2; 08:08:30; (); (); (); (); (); (); (); (); (); (); (); (); (); (); (); (); (); (); (); (); (); (); (); (); (); (); (); (); (); (); (); (); (); (); (); (); (); (); (); (); (); (); (); (); (); (); (); (); (); (); (); (); (); (); (); (); (); (); (); (); (); (); (); (); (); (); (); (); (); (); (); (); (); (); (); (); (); (); (); (); (); (); (); (); (); (); (); (); (); (); (); (); (); (); (); (); (); (); (); (); (); (); (); (); (); (); (); (); (); (); (); (); (); (); (); (); (); (); (); (); (); (); (); (); (); (); (); (); (); (); (); (); (); (); (); (); (); (); (); (); 
83.4; 08:08:43; (); (); (); (); (); (); (); (); (); (); (); (); (); (); (); (); (); (); (); (); (); (); (); (); (); (); (); (); (); (); (); (); (); (); (); (); (); (); (); (); (); (); (); (); (); (); (); (); (); (); (); (); (); (); (); (); (); (); (); (); (); (); (); (); (); (); (); (); (); (); (); (); (); (); (); (); (); (); (); (); (); (); (); (); (); (); (); (); (); (); (); (); (); (); (); (); (); (); (); (); (); (); (); (); (); (); (); (); (); (); (); (); (); (); (); (); (); (); (); (); (); (); (); (); (); (); (); (); (); (); (); (); (); (); (); (); (); (); (); (); 
85.6; 08:08:55; (); (); (); (); (); (); (); (); (); (); (); (); (); (); (); (); (); (); (); (); (); (); (); (); (); (); (); (); (); (); (); (); (); (); (); (); (); (); (); (); (); (); (); (); (); (); (); (); (); (); (); (); (); (); (); (); (); (); (); (); (); (); (); (); (); (); (); (); (); (); (); (); (); (); (); (); (); (); (); (); (); (); (); (); (); (); (); (); (); (); (); (); (); (); (); (); (); (); (); (); (); (); (); (); (); (); (); (); (); (); (); (); (); (); (); (); (); (); (); (); (); (); (); (); (); (); (); (); (); (); (); (); (); (); (); (); (); (); (); (); 
87.9; 08:09:07; (); (); (); (); (); (); (); (); (); (); (); (); (); (); (); (); (); (); (); (); (); (); (); (); (); (); (); (); (); (); (); (); (); (); (); (); (); (); (); (); (); (); (); (); (); (); (); (); (); (); (); (); (); (); (); (); (); (); (); (); (); (); (); (); (); (); (); (); (); (); (); (); (); (); (); (); (); (); (); (); (); (); (); (); (); (); (); (); (); (); (); (); (); (); (); (); (); (); (); (); (); (); (); (); (); (); (); (); (); (); (); (); (); (); (); (); (); (); (); (); (); (); (); (); (); (); (); (); (); (); (); (); (); (); (); (); (); (); (); (); 
90.1; 08:09:19; (); (); (); (); (); (); (); (); (); (); (); (); (); (); (); (); (); (); (); (); (); (); (); (); (); (); (); (); (); (); (); (); (); (); (); (); (); (); (); (); (); (); (); (); (); (); (); (); (); (); (); (); (); (); (); (); (); (); (); (); (); (); (); (); (); (); (); (); (); (); (); (); (); (); (); (); (); (); (); (); (); (); (); (); (); (); (); (); (); (); (); (); (); (); (); (); (); (); (); (); (); (); (); (); (); (); (); (); (); (); (); (); (); (); (); (); (); (); (); (); (); (); (); (); (); (); (); (); (); (); (); (); (); (); (); (); (); (); (); (); 
92.3; 08:09:31; (); (); (); (); (); (); (); (); (); (); (); (); (); (); (); (); (); (); (); (); (); (); (); (); (); (); (); (); (); (); (); (); (); (); (); (); (); (); (); (); (); (); (); (); (); (); (); (); (); (); (); (); (); (); (); (); (); (); (); (); (); (); (); (); (); (); (); (); (); (); (); (); (); (); (); (); (); (); (); (); (); (); (); (); (); (); (); (); (); (); (); (); (); (); (); (); (); (); (); (); (); (); (); (); (); (); (); (); (); (); (); (); (); (); (); (); (); (); (); (); (); (); (); (); (); (); (); (); (); (); (); (); (); (); (); (); (); (); (); (); 
94.5; 08:09:43; (); (); (); (); (); (); (); (); (); (); (); (); (); (); (); (); (); (); (); (); (); (); (); (); (); (); (); (); (); (); (); (); (); (); (); (); (); (); (); (); (); (); (); (); (); (); (); (); (); (); (); (); (); (); (); (); (); (); (); (); (); (); (); (); (); (); (); (); (); (); (); (); (); (); (); (); (); (); (); (); (); (); (); (); (); (); (); (); (); (); (); (); (); (); (); (); (); (); (); (); (); (); (); (); (); (); (); (); (); (); (); (); (); (); (); (); (); (); (); (); (); (); (); (); (); (); (); (); (); (); (); (); (); (); (); (); (); (); (); (); 
