Roll Number; 0
Recipe Name; FP 4577_360 GSM
Start Time; 2017-11-20; 07:57:03
File Name; D:\Mahlo\TR\171120075703FP 4577_360 GSM0_XMF2.txt

-0.3; 08:00:59; (); (); (); (); (); (); (); (); (); (); (); (); (); (); (); (); (); (); (); (); (); (); (); (); (); (); (); (); (); (); (); (); (); (); (); (); (); (); (); (); (); 0.418288; 0.422147; 0.428341; 0.431883; 0.434449; 0.436809; 0.438786; 0.441145; 0.446059; 0.449026; 0.451274; 0.453410; 0.455346; 0.456368; 0.456490; 0.455614; 0.454310; 0.453128; 0.452664; 0.452772; 0.452847; 0.452855; 0.453160; 0.453672; 0.454519; 0.456106; 0.459347; 0.463384; 0.466855; 0.469787; 0.472598; 0.474381; 0.475211; 0.475058; 0.474998; 0.475002; 0.475063; 0.474806; 0.474072; 0.473095; 0.471699; 0.470141; 0.468303; 0.467185; 0.467072; 0.467285; 0.468080; 0.468595; 0.469912; 0.470834; 0.472206; 0.473617; 0.474644; 0.475870; 0.476400; 0.476668; 0.476886; 0.476574; 0.476636; 0.473258; 0.468274; 0.467030; 0.466574; 0.465450; 0.463800; 0.461901; 0.458794; 0.456472; (); (); (); (); (); (); (); (); (); (); (); (); (); (); (); (); (); (); (); (); (); (); (); (); (); (); (); (); (); (); (); 
0.7; 08:01:05; (); (); (); (); (); (); (); (); (); (); (); (); (); (); (); (); (); (); (); (); (); (); (); (); (); (); (); (); (); (); (); (); (); (); (); (); (); (); (); (); (); 0.395709; 0.399637; 0.403880; 0.408789; 0.413153; 0.417218; 0.420499; 0.422983; 0.427243; 0.432598; 0.436610; 0.439101; 0.443182; 0.445521; 0.447305; 0.447898; 0.447408; 0.446911; 0.445753; 0.445463; 0.445284; 0.445111; 0.445241; 0.445625; 0.446823; 0.448234; 0.450860; 0.453737; 0.457103; 0.460921; 0.463842; 0.466441; 0.468843; 0.470435; 0.471581; 0.472616; 0.473518; 0.474435; 0.474807; 0.474734; 0.474508; 0.474145; 0.473611; 0.473022; 0.472717; 0.472775; 0.473474; 0.474326; 0.474738; 0.475270; 0.476055; 0.476852; 0.477326; 0.477392; 0.476772; 0.475977; 0.475161; 0.474057; 0.473178; 0.471722; 0.468303; 0.466527; 0.465677; 0.464638; 0.463351; 0.461492; 0.458472; 0.456126; (); (); (); (); (); (); (); (); (); (); (); (); (); (); (); (); (); (); (); (); (); (); (); (); (); (); (); (); (); (); (); 
1.6; 08:01:10; (); (); (); (); (); (); (); (); (); (); (); (); (); (); (); (); (); (); (); (); (); (); (); (); (); (); (); (); (); (); (); (); (); (); (); (); (); (); (); (); (); 0.414770; 0.419562; 0.425281; 0.428912; 0.431395; 0.433893; 0.436132; 0.439500; 0.444071; 0.447298; 0.449746; 0.451636; 0.453345; 0.454466; 0.454492; 0.453325; 0.451953; 0.450936; 0.450635; 0.450969; 0.450975; 0.450921; 0.451137; 0.451722; 0.452924; 0.454875; 0.458141; 0.461745; 0.465188; 0.468858; 0.471352; 0.472946; 0.473926; 0.473808; 0.473450; 0.473428; 0.473446; 0.473366; 0.472665; 0.471462; 0.469679; 0.468013; 0.466526; 0.465377; 0.464904; 0.464846; 0.465566; 0.466098; 0.467399; 0.468738; 0.469652; 0.471375; 0.472287; 0.473354; 0.473520; 0.474200; 0.474631; 0.473780; 0.473545; 0.469346; 0.467488; 0.467092; 0.466691; 0.465889; 0.464230; 0.463083; 0.460127; 0.458664; (); (); (); (); (); (); (); (); (); (); (); (); (); (); (); (); (); (); (); (); (); (); (); (); (); (); (); (); (); (); (); 
2.6; 08:01:15; (); (); (); (); (); (); (); (); (); (); (); (); (); (); (); (); (); (); (); (); (); (); (); (); (); (); (); (); (); (); (); (); (); (); (); (); (); (); (); (); (); 0.391029; 0.395255; 0.400656; 0.406250; 0.409663; 0.413180; 0.416503; 0.419378; 0.424649; 0.429371; 0.433676; 0.436407; 0.440441; 0.443522; 0.444882; 0.445641; 0.444993; 0.444468; 0.443559; 0.443728; 0.443847; 0.443824; 0.444135; 0.444625; 0.445776; 0.447139; 0.449761; 0.453301; 0.456768; 0.460092; 0.463400; 0.465905; 0.468201; 0.469988; 0.470989; 0.471814; 0.472637; 0.473535; 0.474014; 0.474178; 0.473823; 0.473353; 0.472623; 0.472048; 0.472105; 0.472670; 0.473557; 0.474729; 0.475782; 0.476729; 0.477780; 0.478995; 0.479911; 0.480233; 0.479978; 0.479434; 0.478703; 0.478240; 0.477582; 0.476062; 0.472094; 0.469471; 0.468464; 0.467250; 0.465947; 0.464126; 0.460763; 0.457724; (); (); (); (); (); (); (); (); (); (); (); (); (); (); (); (); (); (); (); (); (); (); (); (); (); (); (); (); (); (); (); 
3.6; 08:01:21; (); (); (); (); (); (); (); (); (); (); (); (); (); (); (); (); (); (); (); (); (); (); (); (); (); (); (); (); (); (); (); (); (); (); (); (); (); (); (); (); (); 0.422968; 0.426206; 0.431692; 0.435561; 0.437930; 0.439994; 0.442169; 0.444598; 0.449097; 0.451942; 0.454183; 0.456359; 0.458116; 0.458942; 0.458738; 0.457756; 0.456394; 0.455187; 0.455151; 0.455518; 0.455501; 0.455620; 0.455949; 0.456479; 0.457523; 0.459427; 0.462301; 0.465739; 0.469848; 0.473127; 0.475816; 0.477669; 0.478723; 0.478732; 0.478560; 0.478640; 0.478672; 0.478426; 0.477748; 0.476570; 0.474882; 0.472996; 0.471597; 0.470664; 0.470268; 0.470387; 0.471182; 0.471466; 0.472692; 0.473751; 0.475213; 0.476587; 0.477702; 0.479028; 0.479689; 0.480521; 0.480923; 0.480633; 0.480276; 0.475881; 0.472189; 0.471702; 0.471306; 0.470300; 0.468539; 0.466972; 0.463954; 0.461918; (); (); (); (); (); (); (); (); (); (); (); (); (); (); (); (); (); (); (); (); (); (); (); (); (); (); (); (); (); (); (); 
4.5; 08:01:26; (); (); (); (); (); (); (); (); (); (); (); (); (); (); (); (); (); (); (); (); (); (); (); (); (); (); (); (); (); (); (); (); (); (); (); (); (); (); (); (); (); 0.397056; 0.400393; 0.405090; 0.411397; 0.415648; 0.419451; 0.422286; 0.424783; 0.429107; 0.433828; 0.437723; 0.440940; 0.445371; 0.448052; 0.449336; 0.449933; 0.449764; 0.449206; 0.448018; 0.448139; 0.447790; 0.447904; 0.448411; 0.449048; 0.450381; 0.451918; 0.454826; 0.458491; 0.461930; 0.465395; 0.468336; 0.471051; 0.473523; 0.475409; 0.476566; 0.477468; 0.478372; 0.479445; 0.479801; 0.479775; 0.479584; 0.479188; 0.478496; 0.477903; 0.477587; 0.477783; 0.478294; 0.478930; 0.479305; 0.479811; 0.480507; 0.481295; 0.481519; 0.481631; 0.481172; 0.480444; 0.479498; 0.478726; 0.477805; 0.476548; 0.473335; 0.471066; 0.470255; 0.469459; 0.468137; 0.466343; 0.463491; 0.461187; (); (); (); (); (); (); (); (); (); (); (); (); (); (); (); (); (); (); (); (); (); (); (); (); (); (); (); (); (); (); (); 
5.5; 08:01:31; (); (); (); (); (); (); (); (); (); (); (); (); (); (); (); (); (); (); (); (); (); (); (); (); (); (); (); (); (); (); (); (); (); (); (); (); (); (); (); (); (); 0.418283; 0.422228; 0.428307; 0.432148; 0.434864; 0.436992; 0.438983; 0.441660; 0.446319; 0.449546; 0.451832; 0.454137; 0.455997; 0.457124; 0.457145; 0.456037; 0.454761; 0.453752; 0.453766; 0.454015; 0.454050; 0.454059; 0.454406; 0.455046; 0.456089; 0.457888; 0.461224; 0.464629; 0.467948; 0.471060; 0.473687; 0.475593; 0.476395; 0.476212; 0.476039; 0.476041; 0.476034; 0.475773; 0.475090; 0.474090; 0.472774; 0.471285; 0.469535; 0.468437; 0.468078; 0.467984; 0.468777; 0.469458; 0.470484; 0.471702; 0.472933; 0.474473; 0.475527; 0.476968; 0.477547; 0.477935; 0.478148; 0.478117; 0.478230; 0.475301; 0.472991; 0.472569; 0.472252; 0.471936; 0.470500; 0.469486; 0.467001; 0.465325; (); (); (); (); (); (); (); (); (); (); (); (); (); (); (); (); (); (); (); (); (); (); (); (); (); (); (); (); (); (); (); 
6.5; 08:01:36; (); (); (); (); (); (); (); (); (); (); (); (); (); (); (); (); (); (); (); (); (); (); (); (); (); (); (); (); (); (); (); (); (); (); (); (); (); (); (); (); (); 0.418283; 0.399152; 0.404460; 0.410040; 0.414235; 0.417663; 0.420397; 0.422882; 0.426437; 0.432092; 0.437101; 0.439132; 0.442311; 0.445367; 0.447117; 0.448203; 0.447663; 0.447331; 0.446216; 0.446290; 0.446162; 0.446393; 0.446814; 0.447410; 0.448778; 0.450547; 0.453048; 0.456759; 0.460667; 0.463699; 0.466084; 0.469149; 0.471540; 0.473261; 0.474397; 0.475450; 0.476347; 0.477118; 0.477412; 0.477457; 0.477104; 0.476661; 0.475956; 0.475367; 0.474994; 0.475085; 0.475584; 0.476195; 0.476677; 0.477156; 0.477913; 0.478627; 0.479031; 0.479130; 0.478560; 0.477743; 0.476900; 0.476041; 0.474984; 0.473791; 0.471060; 0.469564; 0.468799; 0.467925; 0.466758; 0.464706; 0.461890; 0.460255; (); (); (); (); (); (); (); (); (); (); (); (); (); (); (); (); (); (); (); (); (); (); (); (); (); (); (); (); (); (); (); 
7.5; 08:01:42; (); (); (); (); (); (); (); (); (); (); (); (); (); (); (); (); (); (); (); (); (); (); (); (); (); (); (); (); (); (); (); (); (); (); (); (); (); (); (); (); (); 0.418283; 0.424317; 0.430454; 0.434318; 0.436605; 0.438776; 0.441010; 0.442953; 0.446983; 0.450314; 0.452784; 0.454591; 0.456346; 0.457784; 0.457706; 0.456635; 0.455026; 0.453977; 0.453674; 0.453992; 0.453930; 0.453829; 0.453858; 0.454347; 0.455274; 0.457411; 0.460311; 0.463700; 0.467421; 0.470593; 0.473082; 0.474948; 0.475701; 0.475436; 0.475092; 0.475068; 0.475006; 0.474916; 0.474238; 0.473162; 0.471505; 0.470014; 0.468307; 0.467187; 0.466933; 0.467111; 0.467783; 0.468471; 0.469907; 0.471328; 0.472610; 0.474327; 0.475147; 0.476840; 0.477507; 0.478236; 0.478458; 0.478612; 0.478579; 0.475209; 0.472063; 0.471908; 0.471294; 0.470848; 0.469264; 0.468077; 0.465382; 0.463863; (); (); (); (); (); (); (); (); (); (); (); (); (); (); (); (); (); (); (); (); (); (); (); (); (); (); (); (); (); (); (); 
8.4; 08:01:47; (); (); (); (); (); (); (); (); (); (); (); (); (); (); (); (); (); (); (); (); (); (); (); (); (); (); (); (); (); (); (); (); (); (); (); (); (); (); (); (); (); (); 0.400997; 0.406486; 0.411983; 0.415347; 0.418737; 0.421378; 0.424311; 0.428038; 0.432575; 0.436868; 0.439532; 0.443809; 0.446020; 0.447925; 0.448290; 0.447733; 0.447039; 0.446027; 0.446173; 0.446338; 0.446454; 0.446817; 0.447323; 0.448860; 0.450365; 0.452876; 0.456319; 0.459770; 0.463183; 0.466563; 0.469355; 0.471658; 0.473270; 0.474325; 0.475210; 0.475947; 0.476717; 0.477238; 0.477340; 0.477040; 0.476350; 0.475663; 0.475018; 0.474784; 0.475000; 0.475520; 0.476175; 0.476653; 0.477107; 0.477740; 0.478538; 0.478863; 0.478697; 0.478048; 0.477213; 0.476256; 0.475404; 0.474569; 0.472825; 0.469630; 0.467815; 0.466810; 0.465900; 0.464761; 0.462923; 0.459912; 0.457589; (); (); (); (); (); (); (); (); (); (); (); (); (); (); (); (); (); (); (); (); (); (); (); (); (); (); (); (); (); (); (); 
9.4; 08:01:52; (); (); (); (); (); (); (); (); (); (); (); (); (); (); (); (); (); (); (); (); (); (); (); (); (); (); (); (); (); (); (); (); (); (); (); (); (); (); (); (); (); 0.422813; 0.425933; 0.431385; 0.435322; 0.437936; 0.439900; 0.441590; 0.444127; 0.448583; 0.451287; 0.452886; 0.454743; 0.456436; 0.457117; 0.456890; 0.455978; 0.454447; 0.453400; 0.453079; 0.453316; 0.453390; 0.453531; 0.453806; 0.454367; 0.455324; 0.456960; 0.459921; 0.463926; 0.467438; 0.470553; 0.473375; 0.475163; 0.475787; 0.475718; 0.475405; 0.475360; 0.475256; 0.475009; 0.474336; 0.473427; 0.471833; 0.470287; 0.468697; 0.467743; 0.467168; 0.467296; 0.467956; 0.468687; 0.469828; 0.470886; 0.471844; 0.473166; 0.474278; 0.475884; 0.476307; 0.477080; 0.477511; 0.477175; 0.477322; 0.473836; 0.470534; 0.470183; 0.469506; 0.469033; 0.467645; 0.466711; 0.464228; 0.462776; (); (); (); (); (); (); (); (); (); (); (); (); (); (); (); (); (); (); (); (); (); (); (); (); (); (); (); (); (); (); (); 
10.4; 08:01:58; (); (); (); (); (); (); (); (); (); (); (); (); (); (); (); (); (); (); (); (); (); (); (); (); (); (); (); (); (); (); (); (); (); (); (); (); (); (); (); (); (); 0.400610; 0.404294; 0.409173; 0.413985; 0.417288; 0.421001; 0.424143; 0.426656; 0.430748; 0.436206; 0.440270; 0.442719; 0.446044; 0.448757; 0.450002; 0.450312; 0.449854; 0.449260; 0.448237; 0.448312; 0.448405; 0.448382; 0.448673; 0.449388; 0.450706; 0.452195; 0.454903; 0.458333; 0.461849; 0.465318; 0.468234; 0.470736; 0.473196; 0.475090; 0.476176; 0.477049; 0.477932; 0.478657; 0.479069; 0.479200; 0.478975; 0.478624; 0.478006; 0.477256; 0.476926; 0.477190; 0.477701; 0.478430; 0.479077; 0.479707; 0.480401; 0.481107; 0.481497; 0.481516; 0.481070; 0.480170; 0.479123; 0.478458; 0.477704; 0.476391; 0.473518; 0.469873; 0.468818; 0.467615; 0.466293; 0.464584; 0.461729; 0.459012; (); (); (); (); (); (); (); (); (); (); (); (); (); (); (); (); (); (); (); (); (); (); (); (); (); (); (); (); (); (); (); 
11.4; 08:02:03; (); (); (); (); (); (); (); (); (); (); (); (); (); (); (); (); (); (); (); (); (); (); (); (); (); (); (); (); (); (); (); (); (); (); (); (); (); (); (); (); (); 0.400610; 0.428565; 0.434458; 0.437848; 0.440146; 0.442134; 0.444064; 0.446072; 0.450125; 0.453045; 0.455409; 0.458044; 0.459656; 0.460159; 0.459856; 0.458796; 0.457424; 0.456223; 0.456001; 0.456181; 0.456150; 0.456086; 0.456151; 0.456630; 0.457605; 0.459293; 0.462292; 0.466091; 0.469479; 0.472563; 0.475215; 0.476847; 0.477832; 0.477706; 0.477481; 0.477453; 0.477394; 0.477144; 0.476301; 0.475268; 0.473937; 0.472251; 0.470903; 0.470052; 0.469832; 0.469916; 0.470866; 0.471718; 0.472828; 0.473844; 0.475396; 0.476963; 0.478206; 0.479627; 0.480018; 0.480649; 0.480986; 0.480541; 0.480582; 0.476868; 0.473427; 0.472870; 0.472363; 0.471510; 0.469916; 0.468427; 0.465569; 0.463892; (); (); (); (); (); (); (); (); (); (); (); (); (); (); (); (); (); (); (); (); (); (); (); (); (); (); (); (); (); (); (); 
12.3; 08:02:08; (); (); (); (); (); (); (); (); (); (); (); (); (); (); (); (); (); (); (); (); (); (); (); (); (); (); (); (); (); (); (); (); (); (); (); (); (); (); (); (); (); 0.395004; 0.398763; 0.403764; 0.408750; 0.411858; 0.415074; 0.417778; 0.420646; 0.425107; 0.429473; 0.432864; 0.435846; 0.439074; 0.441236; 0.443321; 0.443783; 0.442971; 0.442646; 0.441618; 0.441757; 0.441873; 0.442233; 0.442266; 0.442881; 0.443850; 0.445261; 0.447875; 0.451364; 0.455345; 0.458754; 0.462015; 0.464848; 0.466615; 0.468292; 0.469473; 0.470263; 0.471034; 0.471991; 0.472517; 0.472612; 0.472342; 0.471908; 0.471215; 0.470618; 0.470370; 0.470578; 0.471085; 0.471690; 0.472272; 0.472825; 0.473513; 0.474189; 0.474620; 0.474628; 0.474052; 0.473262; 0.472587; 0.471862; 0.470732; 0.469476; 0.466291; 0.464312; 0.463495; 0.462463; 0.461288; 0.459792; 0.457011; 0.454738; (); (); (); (); (); (); (); (); (); (); (); (); (); (); (); (); (); (); (); (); (); (); (); (); (); (); (); (); (); (); (); 
13.3; 08:02:14; (); (); (); (); (); (); (); (); (); (); (); (); (); (); (); (); (); (); (); (); (); (); (); (); (); (); (); (); (); (); (); (); (); (); (); (); (); (); (); (); (); 0.414659; 0.419002; 0.424789; 0.428177; 0.430439; 0.432556; 0.434395; 0.437950; 0.442569; 0.445752; 0.447839; 0.450012; 0.451753; 0.452637; 0.452309; 0.451411; 0.450107; 0.449005; 0.448787; 0.449213; 0.449280; 0.449352; 0.449430; 0.449970; 0.451005; 0.452701; 0.455664; 0.459019; 0.461965; 0.465561; 0.468373; 0.470037; 0.470944; 0.470790; 0.470454; 0.470451; 0.470312; 0.470131; 0.469504; 0.468361; 0.467091; 0.465844; 0.464304; 0.463185; 0.462879; 0.462935; 0.463648; 0.464275; 0.465314; 0.466758; 0.467862; 0.469656; 0.470870; 0.472218; 0.472744; 0.472886; 0.473370; 0.473261; 0.473430; 0.469851; 0.467924; 0.467780; 0.467559; 0.466958; 0.465492; 0.464236; 0.461750; 0.460658; (); (); (); (); (); (); (); (); (); (); (); (); (); (); (); (); (); (); (); (); (); (); (); (); (); (); (); (); (); (); (); 
14.3; 08:02:19; (); (); (); (); (); (); (); (); (); (); (); (); (); (); (); (); (); (); (); (); (); (); (); (); (); (); (); (); (); (); (); (); (); (); (); (); (); (); (); (); (); 0.389178; 0.394133; 0.399071; 0.404538; 0.408557; 0.411704; 0.415050; 0.418160; 0.424343; 0.428790; 0.433195; 0.435616; 0.438715; 0.441660; 0.443002; 0.443572; 0.442785; 0.442488; 0.441408; 0.440990; 0.441259; 0.441236; 0.441553; 0.442069; 0.443289; 0.444767; 0.447013; 0.450056; 0.453880; 0.457921; 0.461337; 0.464251; 0.466096; 0.467647; 0.469071; 0.470203; 0.471152; 0.472192; 0.472895; 0.472974; 0.472824; 0.472449; 0.471750; 0.471132; 0.470952; 0.471243; 0.471785; 0.472477; 0.473012; 0.473563; 0.474250; 0.474934; 0.475318; 0.475279; 0.474935; 0.474177; 0.473468; 0.472913; 0.471994; 0.470406; 0.466991; 0.464494; 0.463490; 0.462188; 0.460898; 0.459258; 0.456621; 0.454288; (); (); (); (); (); (); (); (); (); (); (); (); (); (); (); (); (); (); (); (); (); (); (); (); (); (); (); (); (); (); (); 
15.2; 08:02:24; (); (); (); (); (); (); (); (); (); (); (); (); (); (); (); (); (); (); (); (); (); (); (); (); (); (); (); (); (); (); (); (); (); (); (); (); (); (); (); (); (); 0.389178; 0.420691; 0.426465; 0.430259; 0.432985; 0.435365; 0.437274; 0.439158; 0.443452; 0.446502; 0.449170; 0.451419; 0.453077; 0.454047; 0.454018; 0.452962; 0.451564; 0.450338; 0.449902; 0.450254; 0.450334; 0.450299; 0.450431; 0.450851; 0.451605; 0.453163; 0.456209; 0.460127; 0.463442; 0.466566; 0.469432; 0.471293; 0.472178; 0.472038; 0.471707; 0.471643; 0.471513; 0.471304; 0.470576; 0.469667; 0.468249; 0.466619; 0.465119; 0.464077; 0.463546; 0.463407; 0.464059; 0.464436; 0.465586; 0.466609; 0.467618; 0.469193; 0.469917; 0.471197; 0.471568; 0.471733; 0.471819; 0.471297; 0.471062; 0.467191; 0.463673; 0.463183; 0.462602; 0.461828; 0.460272; 0.458477; 0.455615; 0.453849; (); (); (); (); (); (); (); (); (); (); (); (); (); (); (); (); (); (); (); (); (); (); (); (); (); (); (); (); (); (); (); 
16.2; 08:02:29; (); (); (); (); (); (); (); (); (); (); (); (); (); (); (); (); (); (); (); (); (); (); (); (); (); (); (); (); (); (); (); (); (); (); (); (); (); (); (); (); (); (); 0.396398; 0.402098; 0.407415; 0.410859; 0.414871; 0.417528; 0.420061; 0.423268; 0.427630; 0.432077; 0.435534; 0.439282; 0.441930; 0.443877; 0.444447; 0.444061; 0.443410; 0.442149; 0.442290; 0.442081; 0.442357; 0.442685; 0.443232; 0.444592; 0.446251; 0.448547; 0.451411; 0.455312; 0.458521; 0.461406; 0.464371; 0.466763; 0.468615; 0.469711; 0.470547; 0.471333; 0.472168; 0.472784; 0.472809; 0.472522; 0.472135; 0.471526; 0.470972; 0.470902; 0.471131; 0.471700; 0.472438; 0.473099; 0.473515; 0.474272; 0.475259; 0.475643; 0.475561; 0.475157; 0.474695; 0.474109; 0.473558; 0.473023; 0.471807; 0.468477; 0.464581; 0.463732; 0.462605; 0.461276; 0.459299; 0.456527; 0.453965; (); (); (); (); (); (); (); (); (); (); (); (); (); (); (); (); (); (); (); (); (); (); (); (); (); (); (); (); (); (); (); 
17.2; 08:02:35; (); (); (); (); (); (); (); (); (); (); (); (); (); (); (); (); (); (); (); (); (); (); (); (); (); (); (); (); (); (); (); (); (); (); (); (); (); (); (); (); (); 0.416761; 0.421922; 0.427630; 0.431181; 0.433677; 0.435884; 0.438202; 0.442421; 0.446982; 0.450474; 0.452980; 0.455368; 0.457074; 0.457908; 0.457720; 0.456754; 0.455250; 0.454185; 0.453928; 0.454317; 0.454424; 0.454443; 0.454687; 0.455281; 0.456390; 0.457949; 0.460635; 0.464389; 0.467830; 0.470990; 0.473896; 0.475635; 0.476445; 0.476326; 0.475889; 0.475743; 0.475599; 0.475351; 0.474658; 0.473368; 0.472046; 0.470486; 0.468978; 0.468078; 0.467718; 0.468024; 0.468954; 0.469592; 0.470949; 0.472159; 0.473516; 0.474803; 0.476143; 0.477369; 0.477910; 0.478808; 0.479239; 0.479462; 0.479532; 0.476228; 0.471021; 0.470026; 0.469641; 0.468554; 0.467351; 0.465554; 0.462864; 0.460563; (); (); (); (); (); (); (); (); (); (); (); (); (); (); (); (); (); (); (); (); (); (); (); (); (); (); (); (); (); (); (); 
18.2; 08:02:40; (); (); (); (); (); (); (); (); (); (); (); (); (); (); (); (); (); (); (); (); (); (); (); (); (); (); (); (); (); (); (); (); (); (); (); (); (); (); (); (); (); 0.395094; 0.399650; 0.404261; 0.409737; 0.413476; 0.416770; 0.419690; 0.422671; 0.429210; 0.433800; 0.437486; 0.440203; 0.443408; 0.446203; 0.447305; 0.447807; 0.447254; 0.446439; 0.445452; 0.445156; 0.445358; 0.445308; 0.445915; 0.446708; 0.448132; 0.449778; 0.452468; 0.456094; 0.459724; 0.463181; 0.466519; 0.469005; 0.471159; 0.472980; 0.474225; 0.475168; 0.475937; 0.476706; 0.477287; 0.477299; 0.476952; 0.476508; 0.475817; 0.475166; 0.474867; 0.475005; 0.475647; 0.476260; 0.476797; 0.477340; 0.478063; 0.478946; 0.479425; 0.479503; 0.479015; 0.478271; 0.477488; 0.476785; 0.475970; 0.474589; 0.471938; 0.469209; 0.468231; 0.467121; 0.465748; 0.463860; 0.461187; 0.458825; (); (); (); (); (); (); (); (); (); (); (); (); (); (); (); (); (); (); (); (); (); (); (); (); (); (); (); (); (); (); (); 
19.1; 08:02:45; (); (); (); (); (); (); (); (); (); (); (); (); (); (); (); (); (); (); (); (); (); (); (); (); (); (); (); (); (); (); (); (); (); (); (); (); (); (); (); (); (); 0.417519; 0.422126; 0.427776; 0.431022; 0.433536; 0.436210; 0.438457; 0.441361; 0.445873; 0.449338; 0.451537; 0.453788; 0.455597; 0.456858; 0.457010; 0.455968; 0.454427; 0.453468; 0.453049; 0.453315; 0.453217; 0.453287; 0.453381; 0.453893; 0.454801; 0.456794; 0.459379; 0.462345; 0.465701; 0.469169; 0.471952; 0.473900; 0.474765; 0.474840; 0.474512; 0.474496; 0.474524; 0.474360; 0.473643; 0.472671; 0.470901; 0.469635; 0.468130; 0.467335; 0.466885; 0.467099; 0.467708; 0.468300; 0.469573; 0.471063; 0.472018; 0.473348; 0.474412; 0.475731; 0.475706; 0.476343; 0.476326; 0.476100; 0.475851; 0.472861; 0.469873; 0.468973; 0.468460; 0.467445; 0.465539; 0.464543; 0.461852; 0.459866; (); (); (); (); (); (); (); (); (); (); (); (); (); (); (); (); (); (); (); (); (); (); (); (); (); (); (); (); (); (); (); 
20.1; 08:02:51; (); (); (); (); (); (); (); (); (); (); (); (); (); (); (); (); (); (); (); (); (); (); (); (); (); (); (); (); (); (); (); (); (); (); (); (); (); (); (); (); (); 0.392912; 0.396895; 0.401963; 0.407881; 0.411188; 0.414810; 0.417993; 0.420770; 0.425823; 0.430536; 0.435283; 0.438459; 0.441569; 0.443445; 0.445864; 0.447148; 0.446460; 0.446322; 0.445034; 0.445121; 0.445287; 0.445351; 0.445931; 0.446306; 0.447505; 0.449157; 0.451853; 0.454645; 0.458190; 0.462032; 0.465426; 0.468242; 0.470316; 0.472307; 0.473626; 0.474704; 0.475504; 0.476225; 0.476703; 0.476737; 0.476290; 0.475730; 0.475047; 0.474515; 0.474137; 0.474279; 0.474774; 0.475424; 0.475935; 0.476452; 0.477309; 0.478128; 0.478552; 0.478611; 0.478127; 0.477650; 0.476883; 0.475967; 0.475030; 0.473375; 0.469755; 0.468139; 0.467443; 0.466523; 0.465206; 0.463192; 0.460191; 0.457924; (); (); (); (); (); (); (); (); (); (); (); (); (); (); (); (); (); (); (); (); (); (); (); (); (); (); (); (); (); (); (); 
21.1; 08:02:56; (); (); (); (); (); (); (); (); (); (); (); (); (); (); (); (); (); (); (); (); (); (); (); (); (); (); (); (); (); (); (); (); (); (); (); (); (); (); (); (); (); 0.418255; 0.421242; 0.426722; 0.430729; 0.433407; 0.435479; 0.437687; 0.441168; 0.444291; 0.446554; 0.448936; 0.451155; 0.452807; 0.453896; 0.453913; 0.452975; 0.451663; 0.450631; 0.450255; 0.450630; 0.450708; 0.450660; 0.450808; 0.451561; 0.452525; 0.454424; 0.458217; 0.462383; 0.465877; 0.469126; 0.472024; 0.473934; 0.474818; 0.474808; 0.474691; 0.474879; 0.475097; 0.475023; 0.474494; 0.473350; 0.471694; 0.470211; 0.468931; 0.467933; 0.467369; 0.467526; 0.468335; 0.469156; 0.470225; 0.471372; 0.472447; 0.473993; 0.474947; 0.476445; 0.477152; 0.477544; 0.478094; 0.478160; 0.478484; 0.475516; 0.472494; 0.472100; 0.471697; 0.471319; 0.469955; 0.468645; 0.466328; 0.465111; (); (); (); (); (); (); (); (); (); (); (); (); (); (); (); (); (); (); (); (); (); (); (); (); (); (); (); (); (); (); (); 
22.1; 08:03:01; (); (); (); (); (); (); (); (); (); (); (); (); (); (); (); (); (); (); (); (); (); (); (); (); (); (); (); (); (); (); (); (); (); (); (); (); (); (); (); (); (); 0.393684; 0.397831; 0.402588; 0.407893; 0.412199; 0.416053; 0.419300; 0.421999; 0.426079; 0.430332; 0.435087; 0.438448; 0.441818; 0.444195; 0.445746; 0.446428; 0.445937; 0.444959; 0.443925; 0.443730; 0.443659; 0.443730; 0.443922; 0.444594; 0.445939; 0.447418; 0.449940; 0.453602; 0.456959; 0.459952; 0.462885; 0.465766; 0.467892; 0.469667; 0.471206; 0.472138; 0.472809; 0.473706; 0.474109; 0.474202; 0.473986; 0.473563; 0.472855; 0.472268; 0.472038; 0.472317; 0.472868; 0.473540; 0.474115; 0.474803; 0.475587; 0.476279; 0.476779; 0.476970; 0.476534; 0.475754; 0.474912; 0.474181; 0.473366; 0.471761; 0.468115; 0.465787; 0.464844; 0.463843; 0.462604; 0.460386; 0.457337; 0.454650; (); (); (); (); (); (); (); (); (); (); (); (); (); (); (); (); (); (); (); (); (); (); (); (); (); (); (); (); (); (); (); 
23.0; 08:03:07; (); (); (); (); (); (); (); (); (); (); (); (); (); (); (); (); (); (); (); (); (); (); (); (); (); (); (); (); (); (); (); (); (); (); (); (); (); (); (); (); (); 0.415129; 0.419344; 0.424945; 0.428555; 0.430965; 0.433452; 0.435723; 0.438529; 0.442953; 0.446401; 0.448832; 0.450849; 0.452611; 0.453771; 0.453572; 0.452524; 0.451211; 0.450132; 0.449993; 0.450359; 0.450337; 0.450258; 0.450485; 0.451011; 0.451900; 0.453474; 0.456440; 0.460207; 0.463586; 0.466685; 0.469425; 0.471249; 0.471963; 0.471960; 0.471616; 0.471622; 0.471662; 0.471354; 0.470697; 0.469616; 0.468215; 0.466746; 0.465330; 0.464364; 0.464118; 0.464340; 0.465291; 0.466097; 0.467276; 0.468427; 0.469561; 0.471037; 0.472312; 0.473795; 0.474191; 0.474696; 0.474727; 0.474777; 0.475040; 0.471800; 0.468664; 0.468093; 0.467442; 0.466848; 0.465710; 0.464302; 0.461635; 0.460000; (); (); (); (); (); (); (); (); (); (); (); (); (); (); (); (); (); (); (); (); (); (); (); (); (); (); (); (); (); (); (); 
24.0; 08:03:12; (); (); (); (); (); (); (); (); (); (); (); (); (); (); (); (); (); (); (); (); (); (); (); (); (); (); (); (); (); (); (); (); (); (); (); (); (); (); (); (); (); 0.389867; 0.393953; 0.399564; 0.405262; 0.409412; 0.412929; 0.415712; 0.418179; 0.423244; 0.428817; 0.433118; 0.436691; 0.439630; 0.441823; 0.443326; 0.443907; 0.443086; 0.442075; 0.441133; 0.440858; 0.440741; 0.440683; 0.441106; 0.441766; 0.442751; 0.444271; 0.446675; 0.450164; 0.454235; 0.457714; 0.460571; 0.463175; 0.465226; 0.467260; 0.468739; 0.469935; 0.470930; 0.471669; 0.472011; 0.472069; 0.471640; 0.471074; 0.470325; 0.469659; 0.469438; 0.469595; 0.470271; 0.471070; 0.471516; 0.472087; 0.472740; 0.473422; 0.473960; 0.474074; 0.473699; 0.472935; 0.472050; 0.471300; 0.470479; 0.468902; 0.466021; 0.464260; 0.463270; 0.462393; 0.461076; 0.458921; 0.456292; 0.454151; (); (); (); (); (); (); (); (); (); (); (); (); (); (); (); (); (); (); (); (); (); (); (); (); (); (); (); (); (); (); (); 
25.0; 08:03:17; (); (); (); (); (); (); (); (); (); (); (); (); (); (); (); (); (); (); (); (); (); (); (); (); (); (); (); (); (); (); (); (); (); (); (); (); (); (); (); (); (); 0.389867; 0.417031; 0.423497; 0.427210; 0.430101; 0.432668; 0.434704; 0.437113; 0.441756; 0.444788; 0.447150; 0.449734; 0.451946; 0.453122; 0.453140; 0.451998; 0.450541; 0.449412; 0.449012; 0.449205; 0.449157; 0.449005; 0.449208; 0.449534; 0.450348; 0.451959; 0.454471; 0.458246; 0.462079; 0.465134; 0.467950; 0.469791; 0.470523; 0.470516; 0.470213; 0.470178; 0.470212; 0.469874; 0.469241; 0.468214; 0.466481; 0.465049; 0.463494; 0.462490; 0.462142; 0.462228; 0.462961; 0.463762; 0.464883; 0.465952; 0.466985; 0.468591; 0.470015; 0.471443; 0.471864; 0.472295; 0.472732; 0.472325; 0.472074; 0.468206; 0.466262; 0.465912; 0.465254; 0.464719; 0.463405; 0.462148; 0.459445; 0.457894; (); (); (); (); (); (); (); (); (); (); (); (); (); (); (); (); (); (); (); (); (); (); (); (); (); (); (); (); (); (); (); 
25.9; 08:03:22; (); (); (); (); (); (); (); (); (); (); (); (); (); (); (); (); (); (); (); (); (); (); (); (); (); (); (); (); (); (); (); (); (); (); (); (); (); (); (); (); (); (); 0.394451; 0.400065; 0.405659; 0.409143; 0.412823; 0.415826; 0.418693; 0.422067; 0.426774; 0.430991; 0.434189; 0.437650; 0.439911; 0.442042; 0.442550; 0.441836; 0.441273; 0.439991; 0.439899; 0.439606; 0.439679; 0.439719; 0.440084; 0.441249; 0.442589; 0.444880; 0.448128; 0.451491; 0.455285; 0.458466; 0.461009; 0.463350; 0.465076; 0.466236; 0.467403; 0.468268; 0.469247; 0.469839; 0.470024; 0.469732; 0.469249; 0.468626; 0.468155; 0.467807; 0.467974; 0.468504; 0.469229; 0.469822; 0.470462; 0.471205; 0.472072; 0.472654; 0.472861; 0.472460; 0.471781; 0.470956; 0.470262; 0.469560; 0.468178; 0.465101; 0.462065; 0.461048; 0.459914; 0.458570; 0.456802; 0.453661; 0.450616; (); (); (); (); (); (); (); (); (); (); (); (); (); (); (); (); (); (); (); (); (); (); (); (); (); (); (); (); (); (); (); 
26.9; 08:03:28; (); (); (); (); (); (); (); (); (); (); (); (); (); (); (); (); (); (); (); (); (); (); (); (); (); (); (); (); (); (); (); (); (); (); (); (); (); (); (); (); (); 0.411677; 0.415591; 0.420753; 0.424997; 0.427961; 0.430150; 0.432438; 0.435288; 0.439757; 0.442959; 0.445595; 0.448034; 0.449694; 0.450940; 0.450891; 0.449994; 0.448528; 0.447515; 0.447007; 0.447206; 0.447060; 0.446988; 0.447165; 0.447563; 0.448438; 0.450122; 0.453070; 0.456939; 0.460238; 0.463289; 0.466165; 0.468074; 0.468824; 0.468966; 0.468717; 0.468850; 0.468728; 0.468376; 0.467767; 0.466714; 0.465042; 0.463329; 0.461701; 0.460750; 0.460371; 0.460373; 0.461123; 0.462029; 0.463312; 0.464613; 0.466034; 0.467803; 0.469002; 0.470536; 0.470945; 0.471446; 0.471814; 0.471821; 0.471903; 0.468626; 0.465313; 0.464909; 0.464460; 0.463562; 0.461728; 0.460323; 0.457672; 0.455825; (); (); (); (); (); (); (); (); (); (); (); (); (); (); (); (); (); (); (); (); (); (); (); (); (); (); (); (); (); (); (); 
27.9; 08:03:33; (); (); (); (); (); (); (); (); (); (); (); (); (); (); (); (); (); (); (); (); (); (); (); (); (); (); (); (); (); (); (); (); (); (); (); (); (); (); (); (); (); 0.387955; 0.392031; 0.397616; 0.403285; 0.406743; 0.410214; 0.413137; 0.416005; 0.421094; 0.425579; 0.430352; 0.433430; 0.436361; 0.438415; 0.440419; 0.441202; 0.440600; 0.440010; 0.438741; 0.438504; 0.438462; 0.438483; 0.438687; 0.439177; 0.440520; 0.442038; 0.444429; 0.447827; 0.451282; 0.454670; 0.458011; 0.460871; 0.462964; 0.464799; 0.466272; 0.467245; 0.467998; 0.468768; 0.469354; 0.469514; 0.469180; 0.468586; 0.467915; 0.467439; 0.467112; 0.467253; 0.467869; 0.468695; 0.469231; 0.469770; 0.470569; 0.471538; 0.472547; 0.472915; 0.472791; 0.472509; 0.472174; 0.471853; 0.471345; 0.470438; 0.467820; 0.464709; 0.463955; 0.463311; 0.462116; 0.460372; 0.457627; 0.455018; (); (); (); (); (); (); (); (); (); (); (); (); (); (); (); (); (); (); (); (); (); (); (); (); (); (); (); (); (); (); (); 
28.9; 08:03:38; (); (); (); (); (); (); (); (); (); (); (); (); (); (); (); (); (); (); (); (); (); (); (); (); (); (); (); (); (); (); (); (); (); (); (); (); (); (); (); (); (); 0.416861; 0.421004; 0.427344; 0.430876; 0.433420; 0.435669; 0.437664; 0.440285; 0.444992; 0.448259; 0.450063; 0.451635; 0.453741; 0.455107; 0.455095; 0.453916; 0.452492; 0.451568; 0.451179; 0.451293; 0.451266; 0.451197; 0.451402; 0.452016; 0.452936; 0.454579; 0.458116; 0.462041; 0.465514; 0.469003; 0.471447; 0.473020; 0.473908; 0.473877; 0.473667; 0.473697; 0.473699; 0.473421; 0.472847; 0.471947; 0.470393; 0.468727; 0.467058; 0.465878; 0.465561; 0.465763; 0.466722; 0.467399; 0.468674; 0.469825; 0.471099; 0.472133; 0.473370; 0.474879; 0.475474; 0.476177; 0.476676; 0.476568; 0.476223; 0.473221; 0.468101; 0.466905; 0.466536; 0.465536; 0.463836; 0.462105; 0.459942; 0.457231; (); (); (); (); (); (); (); (); (); (); (); (); (); (); (); (); (); (); (); (); (); (); (); (); (); (); (); (); (); (); (); 
29.8; 08:03:44; (); (); (); (); (); (); (); (); (); (); (); (); (); (); (); (); (); (); (); (); (); (); (); (); (); (); (); (); (); (); (); (); (); (); (); (); (); (); (); (); (); (); 0.399020; 0.404446; 0.409078; 0.413141; 0.417126; 0.419908; 0.422449; 0.426700; 0.432119; 0.436072; 0.438739; 0.442134; 0.444685; 0.445829; 0.446326; 0.445459; 0.444904; 0.443871; 0.443218; 0.443319; 0.443247; 0.443347; 0.443954; 0.445118; 0.446622; 0.449265; 0.452754; 0.456262; 0.459378; 0.462377; 0.465736; 0.468171; 0.469969; 0.471544; 0.472647; 0.473503; 0.474366; 0.474827; 0.475015; 0.474726; 0.474224; 0.473490; 0.473021; 0.472900; 0.473049; 0.473663; 0.474327; 0.474797; 0.475526; 0.476393; 0.477019; 0.477462; 0.477511; 0.477059; 0.476388; 0.475550; 0.474883; 0.473969; 0.472396; 0.469235; 0.467398; 0.466452; 0.465427; 0.464204; 0.462525; 0.459859; 0.457386; (); (); (); (); (); (); (); (); (); (); (); (); (); (); (); (); (); (); (); (); (); (); (); (); (); (); (); (); (); (); (); 
30.8; 08:03:49; (); (); (); (); (); (); (); (); (); (); (); (); (); (); (); (); (); (); (); (); (); (); (); (); (); (); (); (); (); (); (); (); (); (); (); (); (); (); (); (); (); 0.415715; 0.419659; 0.425938; 0.430020; 0.432492; 0.434712; 0.436918; 0.439568; 0.443841; 0.447265; 0.449820; 0.451762; 0.453518; 0.454870; 0.454910; 0.454018; 0.452435; 0.451414; 0.451009; 0.451304; 0.451202; 0.451161; 0.451209; 0.451720; 0.452715; 0.454409; 0.457165; 0.461006; 0.464804; 0.467781; 0.470134; 0.472012; 0.472816; 0.472785; 0.472453; 0.472577; 0.472474; 0.472317; 0.471535; 0.470656; 0.468987; 0.467254; 0.466004; 0.465033; 0.464494; 0.464790; 0.465567; 0.466207; 0.467278; 0.468620; 0.469888; 0.471625; 0.472609; 0.474208; 0.474780; 0.475439; 0.476119; 0.475888; 0.476037; 0.472970; 0.469570; 0.469270; 0.468996; 0.468369; 0.467108; 0.465724; 0.463016; 0.461437; (); (); (); (); (); (); (); (); (); (); (); (); (); (); (); (); (); (); (); (); (); (); (); (); (); (); (); (); (); (); (); 
31.8; 08:03:54; (); (); (); (); (); (); (); (); (); (); (); (); (); (); (); (); (); (); (); (); (); (); (); (); (); (); (); (); (); (); (); (); (); (); (); (); (); (); (); (); (); 0.390316; 0.394704; 0.400516; 0.405922; 0.409490; 0.413618; 0.416404; 0.418997; 0.423343; 0.428298; 0.433036; 0.436437; 0.439720; 0.441761; 0.443717; 0.444283; 0.443671; 0.442901; 0.441658; 0.441680; 0.441335; 0.441549; 0.441884; 0.442578; 0.443849; 0.445596; 0.448332; 0.451714; 0.455260; 0.459102; 0.462468; 0.465190; 0.467225; 0.469378; 0.470659; 0.471577; 0.472531; 0.473463; 0.473922; 0.474094; 0.473840; 0.473364; 0.472751; 0.472242; 0.471948; 0.472113; 0.472645; 0.473555; 0.474249; 0.475004; 0.475762; 0.476637; 0.477084; 0.477145; 0.476645; 0.475988; 0.475211; 0.474387; 0.473510; 0.472048; 0.468349; 0.464200; 0.462899; 0.461429; 0.459825; 0.457647; 0.454511; 0.451281; (); (); (); (); (); (); (); (); (); (); (); (); (); (); (); (); (); (); (); (); (); (); (); (); (); (); (); (); (); (); (); 
32.8; 08:04:00; (); (); (); (); (); (); (); (); (); (); (); (); (); (); (); (); (); (); (); (); (); (); (); (); (); (); (); (); (); (); (); (); (); (); (); (); (); (); (); (); (); 0.412578; 0.416594; 0.422492; 0.426762; 0.429694; 0.432283; 0.434303; 0.437563; 0.442083; 0.445027; 0.447838; 0.450237; 0.451980; 0.453047; 0.452987; 0.451973; 0.450543; 0.449281; 0.448990; 0.449171; 0.448992; 0.448912; 0.449101; 0.449622; 0.450788; 0.452315; 0.455521; 0.459437; 0.462917; 0.466447; 0.469115; 0.470928; 0.471913; 0.471864; 0.471715; 0.471995; 0.472092; 0.471776; 0.470972; 0.469974; 0.468328; 0.466951; 0.465542; 0.464472; 0.464156; 0.464155; 0.464925; 0.465814; 0.467171; 0.468140; 0.469286; 0.470690; 0.471867; 0.473172; 0.473442; 0.474285; 0.474447; 0.474851; 0.474509; 0.471260; 0.466216; 0.464966; 0.464409; 0.463327; 0.461754; 0.459850; 0.457148; 0.454918; (); (); (); (); (); (); (); (); (); (); (); (); (); (); (); (); (); (); (); (); (); (); (); (); (); (); (); (); (); (); (); 
33.7; 08:04:05; (); (); (); (); (); (); (); (); (); (); (); (); (); (); (); (); (); (); (); (); (); (); (); (); (); (); (); (); (); (); (); (); (); (); (); (); (); (); (); (); (); 0.389186; 0.393985; 0.399169; 0.404041; 0.407810; 0.411175; 0.414087; 0.416909; 0.422849; 0.427969; 0.431727; 0.434562; 0.438115; 0.440929; 0.442300; 0.443141; 0.442464; 0.441738; 0.440691; 0.440371; 0.440483; 0.440502; 0.441077; 0.441775; 0.443055; 0.444769; 0.447501; 0.450634; 0.454043; 0.457935; 0.460925; 0.463656; 0.466230; 0.468282; 0.469500; 0.470489; 0.471423; 0.472155; 0.472521; 0.472630; 0.472271; 0.471837; 0.471279; 0.470633; 0.470286; 0.470480; 0.471019; 0.471653; 0.472320; 0.472901; 0.473638; 0.474318; 0.474977; 0.475089; 0.474734; 0.474056; 0.473110; 0.472330; 0.471613; 0.470349; 0.466368; 0.462118; 0.461108; 0.459732; 0.458119; 0.455876; 0.452807; 0.449478; (); (); (); (); (); (); (); (); (); (); (); (); (); (); (); (); (); (); (); (); (); (); (); (); (); (); (); (); (); (); (); 
34.7; 08:04:10; (); (); (); (); (); (); (); (); (); (); (); (); (); (); (); (); (); (); (); (); (); (); (); (); (); (); (); (); (); (); (); (); (); (); (); (); (); (); (); (); (); 0.412565; 0.416588; 0.422556; 0.426825; 0.429802; 0.432066; 0.434244; 0.436968; 0.441396; 0.444469; 0.446989; 0.449394; 0.451383; 0.452615; 0.452414; 0.451495; 0.449868; 0.448763; 0.448285; 0.448516; 0.448336; 0.448155; 0.448336; 0.448780; 0.449615; 0.451299; 0.454385; 0.458387; 0.462258; 0.464969; 0.467398; 0.469493; 0.470112; 0.470298; 0.469884; 0.470109; 0.470200; 0.469987; 0.469378; 0.468350; 0.466693; 0.465332; 0.463558; 0.462567; 0.462235; 0.462276; 0.462988; 0.463856; 0.465074; 0.466305; 0.467573; 0.468997; 0.470206; 0.471420; 0.471467; 0.472383; 0.472105; 0.472086; 0.471397; 0.467274; 0.462325; 0.460966; 0.460393; 0.459214; 0.457324; 0.454958; 0.451580; 0.448798; (); (); (); (); (); (); (); (); (); (); (); (); (); (); (); (); (); (); (); (); (); (); (); (); (); (); (); (); (); (); (); 
35.7; 08:04:16; (); (); (); (); (); (); (); (); (); (); (); (); (); (); (); (); (); (); (); (); (); (); (); (); (); (); (); (); (); (); (); (); (); (); (); (); (); (); (); (); (); 0.412565; 0.393319; 0.398771; 0.403511; 0.407136; 0.411250; 0.414522; 0.417278; 0.420842; 0.425497; 0.429539; 0.432781; 0.436964; 0.439330; 0.440765; 0.441332; 0.440691; 0.440202; 0.439357; 0.439352; 0.439146; 0.439286; 0.439511; 0.440031; 0.441333; 0.442709; 0.445305; 0.448969; 0.452327; 0.456135; 0.459552; 0.462562; 0.464910; 0.466580; 0.467572; 0.468485; 0.469654; 0.470524; 0.470950; 0.471057; 0.470670; 0.470164; 0.469496; 0.469045; 0.468643; 0.468769; 0.469260; 0.469953; 0.470644; 0.471250; 0.471847; 0.472700; 0.473403; 0.473591; 0.473218; 0.472494; 0.471644; 0.471026; 0.470280; 0.469256; 0.466064; 0.463800; 0.462854; 0.461951; 0.460666; 0.458784; 0.455781; 0.453313; (); (); (); (); (); (); (); (); (); (); (); (); (); (); (); (); (); (); (); (); (); (); (); (); (); (); (); (); (); (); (); 
36.7; 08:04:21; (); (); (); (); (); (); (); (); (); (); (); (); (); (); (); (); (); (); (); (); (); (); (); (); (); (); (); (); (); (); (); (); (); (); (); (); (); (); (); (); (); 0.414296; 0.418433; 0.424094; 0.427630; 0.430477; 0.432651; 0.434588; 0.437161; 0.441333; 0.444624; 0.447277; 0.449372; 0.451304; 0.452129; 0.451899; 0.450538; 0.448912; 0.447940; 0.447686; 0.447589; 0.447416; 0.447213; 0.447489; 0.447815; 0.448549; 0.450177; 0.452736; 0.456062; 0.459943; 0.463558; 0.466086; 0.467999; 0.468896; 0.468886; 0.468793; 0.468974; 0.469021; 0.468717; 0.468114; 0.467160; 0.465958; 0.464477; 0.462929; 0.461797; 0.461436; 0.461649; 0.462350; 0.463025; 0.464169; 0.465408; 0.466575; 0.468094; 0.469334; 0.470711; 0.471087; 0.471787; 0.472203; 0.472197; 0.471892; 0.468069; 0.465851; 0.465479; 0.465295; 0.464448; 0.462973; 0.461903; 0.459347; 0.457809; (); (); (); (); (); (); (); (); (); (); (); (); (); (); (); (); (); (); (); (); (); (); (); (); (); (); (); (); (); (); (); 
37.6; 08:04:26; (); (); (); (); (); (); (); (); (); (); (); (); (); (); (); (); (); (); (); (); (); (); (); (); (); (); (); (); (); (); (); (); (); (); (); (); (); (); (); (); (); 0.389406; 0.393735; 0.398741; 0.404691; 0.407586; 0.411174; 0.414413; 0.416879; 0.421316; 0.425542; 0.430006; 0.433495; 0.436280; 0.438553; 0.440113; 0.440073; 0.438915; 0.438349; 0.436611; 0.436048; 0.435635; 0.435385; 0.435181; 0.435467; 0.436826; 0.438247; 0.441008; 0.444410; 0.448325; 0.451485; 0.453969; 0.457008; 0.459470; 0.461228; 0.462585; 0.463718; 0.464799; 0.465795; 0.466251; 0.466421; 0.466151; 0.465698; 0.465050; 0.464380; 0.464122; 0.464335; 0.464846; 0.465598; 0.466300; 0.466997; 0.467769; 0.468657; 0.469129; 0.469193; 0.468715; 0.468021; 0.467235; 0.466527; 0.465665; 0.464229; 0.460978; 0.458550; 0.457656; 0.456460; 0.455129; 0.453126; 0.450037; 0.447431; (); (); (); (); (); (); (); (); (); (); (); (); (); (); (); (); (); (); (); (); (); (); (); (); (); (); (); (); (); (); (); 
38.6; 08:04:31; (); (); (); (); (); (); (); (); (); (); (); (); (); (); (); (); (); (); (); (); (); (); (); (); (); (); (); (); (); (); (); (); (); (); (); (); (); (); (); (); (); 0.404584; 0.409496; 0.415500; 0.419735; 0.422654; 0.424941; 0.427205; 0.431350; 0.435728; 0.439086; 0.441339; 0.443432; 0.445415; 0.446710; 0.446427; 0.445289; 0.443772; 0.442598; 0.442147; 0.442371; 0.442284; 0.442147; 0.442274; 0.442749; 0.443560; 0.445273; 0.448333; 0.452227; 0.455590; 0.458844; 0.461689; 0.463525; 0.464132; 0.464165; 0.463919; 0.464126; 0.464215; 0.464020; 0.463387; 0.462351; 0.460860; 0.459426; 0.458029; 0.456931; 0.456476; 0.456571; 0.457299; 0.458361; 0.459691; 0.460990; 0.461885; 0.463153; 0.464107; 0.465424; 0.465656; 0.466331; 0.466681; 0.466062; 0.466158; 0.462259; 0.458765; 0.458243; 0.457391; 0.456445; 0.454572; 0.453378; 0.450983; 0.449570; (); (); (); (); (); (); (); (); (); (); (); (); (); (); (); (); (); (); (); (); (); (); (); (); (); (); (); (); (); (); (); 
39.6; 08:04:37; (); (); (); (); (); (); (); (); (); (); (); (); (); (); (); (); (); (); (); (); (); (); (); (); (); (); (); (); (); (); (); (); (); (); (); (); (); (); (); (); (); 0.383570; 0.388567; 0.393325; 0.398485; 0.403140; 0.406397; 0.409450; 0.412108; 0.417437; 0.422112; 0.426546; 0.430092; 0.433220; 0.435808; 0.437359; 0.438166; 0.437394; 0.436725; 0.435406; 0.434696; 0.434837; 0.434496; 0.434642; 0.435048; 0.436052; 0.437673; 0.440268; 0.443313; 0.446697; 0.450149; 0.453520; 0.456518; 0.458927; 0.460564; 0.461809; 0.462800; 0.463871; 0.464873; 0.465321; 0.465457; 0.465183; 0.464744; 0.464275; 0.463722; 0.463354; 0.463508; 0.464127; 0.465409; 0.466737; 0.467931; 0.469208; 0.470788; 0.472049; 0.472720; 0.472870; 0.472747; 0.472478; 0.472251; 0.471922; 0.471398; 0.468647; 0.466567; 0.465721; 0.464749; 0.463298; 0.461370; 0.458306; 0.455851; (); (); (); (); (); (); (); (); (); (); (); (); (); (); (); (); (); (); (); (); (); (); (); (); (); (); (); (); (); (); (); 
40.5; 08:04:42; (); (); (); (); (); (); (); (); (); (); (); (); (); (); (); (); (); (); (); (); (); (); (); (); (); (); (); (); (); (); (); (); (); (); (); (); (); (); (); (); (); 0.416209; 0.419594; 0.425450; 0.429645; 0.432271; 0.434506; 0.436892; 0.439519; 0.444001; 0.446989; 0.449324; 0.451705; 0.453505; 0.454781; 0.454696; 0.453816; 0.452387; 0.451191; 0.450876; 0.450843; 0.450691; 0.450427; 0.450600; 0.450999; 0.451866; 0.453635; 0.456349; 0.459651; 0.463403; 0.466540; 0.469033; 0.471054; 0.471777; 0.471665; 0.471563; 0.471702; 0.471750; 0.471487; 0.470783; 0.469809; 0.468270; 0.466656; 0.465440; 0.464530; 0.464313; 0.464358; 0.465163; 0.466216; 0.467511; 0.468788; 0.469999; 0.471403; 0.472694; 0.474274; 0.475019; 0.475510; 0.475699; 0.475410; 0.475620; 0.472590; 0.469436; 0.469063; 0.468692; 0.467759; 0.466198; 0.464751; 0.462438; 0.460675; (); (); (); (); (); (); (); (); (); (); (); (); (); (); (); (); (); (); (); (); (); (); (); (); (); (); (); (); (); (); (); 
41.5; 08:04:47; (); (); (); (); (); (); (); (); (); (); (); (); (); (); (); (); (); (); (); (); (); (); (); (); (); (); (); (); (); (); (); (); (); (); (); (); (); (); (); (); (); 0.394405; 0.397723; 0.402493; 0.408300; 0.412201; 0.415584; 0.418801; 0.421100; 0.424169; 0.428618; 0.432791; 0.436017; 0.439462; 0.441740; 0.444296; 0.445006; 0.444475; 0.443761; 0.442475; 0.441929; 0.441945; 0.441864; 0.442181; 0.442681; 0.444028; 0.445470; 0.448163; 0.452127; 0.455426; 0.458530; 0.461923; 0.465050; 0.467230; 0.468987; 0.470341; 0.471409; 0.472520; 0.473368; 0.473719; 0.473727; 0.473349; 0.472878; 0.472279; 0.471858; 0.471509; 0.471637; 0.472109; 0.472804; 0.473473; 0.474134; 0.474959; 0.475715; 0.476384; 0.476647; 0.476238; 0.475620; 0.474908; 0.474083; 0.473206; 0.471827; 0.468006; 0.463925; 0.462916; 0.461715; 0.460280; 0.458034; 0.454592; 0.451252; (); (); (); (); (); (); (); (); (); (); (); (); (); (); (); (); (); (); (); (); (); (); (); (); (); (); (); (); (); (); (); 
42.5; 08:04:53; (); (); (); (); (); (); (); (); (); (); (); (); (); (); (); (); (); (); (); (); (); (); (); (); (); (); (); (); (); (); (); (); (); (); (); (); (); (); (); (); (); 0.417086; 0.420492; 0.425601; 0.429694; 0.432378; 0.434859; 0.436705; 0.439158; 0.443131; 0.445964; 0.448421; 0.450705; 0.452472; 0.453742; 0.453554; 0.452440; 0.450933; 0.449934; 0.449435; 0.449626; 0.449460; 0.449337; 0.449337; 0.449742; 0.450427; 0.452224; 0.455265; 0.458570; 0.461867; 0.465495; 0.467954; 0.469618; 0.470184; 0.470140; 0.469818; 0.469908; 0.470052; 0.469968; 0.469373; 0.468492; 0.466824; 0.465563; 0.464077; 0.463391; 0.462915; 0.463029; 0.463936; 0.465044; 0.466652; 0.467966; 0.469222; 0.470404; 0.471558; 0.472949; 0.473104; 0.473896; 0.474238; 0.474002; 0.473706; 0.470062; 0.466041; 0.464989; 0.464524; 0.463314; 0.461585; 0.459554; 0.456997; 0.454541; (); (); (); (); (); (); (); (); (); (); (); (); (); (); (); (); (); (); (); (); (); (); (); (); (); (); (); (); (); (); (); 
43.5; 08:04:58; (); (); (); (); (); (); (); (); (); (); (); (); (); (); (); (); (); (); (); (); (); (); (); (); (); (); (); (); (); (); (); (); (); (); (); (); (); (); (); (); (); 0.392632; 0.396198; 0.401689; 0.407439; 0.411060; 0.414417; 0.417544; 0.420190; 0.424927; 0.429496; 0.433834; 0.436947; 0.439848; 0.441811; 0.443937; 0.444755; 0.444259; 0.443531; 0.442150; 0.441723; 0.441691; 0.441764; 0.441930; 0.442598; 0.443778; 0.445111; 0.447579; 0.450861; 0.454291; 0.457780; 0.461155; 0.463793; 0.466041; 0.467873; 0.469230; 0.470229; 0.471115; 0.472157; 0.472593; 0.472725; 0.472514; 0.472066; 0.471549; 0.470980; 0.470624; 0.470696; 0.471259; 0.472075; 0.472792; 0.473627; 0.474577; 0.475407; 0.476068; 0.476230; 0.475871; 0.475371; 0.474659; 0.473836; 0.472895; 0.471581; 0.468068; 0.465700; 0.464787; 0.463799; 0.462514; 0.460182; 0.457170; 0.454622; (); (); (); (); (); (); (); (); (); (); (); (); (); (); (); (); (); (); (); (); (); (); (); (); (); (); (); (); (); (); (); 
44.4; 08:05:03; (); (); (); (); (); (); (); (); (); (); (); (); (); (); (); (); (); (); (); (); (); (); (); (); (); (); (); (); (); (); (); (); (); (); (); (); (); (); (); (); (); 0.392632; 0.420037; 0.426143; 0.430234; 0.433045; 0.435236; 0.437130; 0.439684; 0.443519; 0.446516; 0.449122; 0.451499; 0.453139; 0.454187; 0.453829; 0.452948; 0.451385; 0.450096; 0.449731; 0.449765; 0.449576; 0.449223; 0.449145; 0.449742; 0.450543; 0.452374; 0.455569; 0.459007; 0.462302; 0.465532; 0.467973; 0.470030; 0.470822; 0.470757; 0.470538; 0.470788; 0.470944; 0.470939; 0.470249; 0.469106; 0.467434; 0.465996; 0.464621; 0.463633; 0.463310; 0.463290; 0.464056; 0.465061; 0.466269; 0.467338; 0.468395; 0.470012; 0.471027; 0.472591; 0.473029; 0.473659; 0.473926; 0.474112; 0.474341; 0.471235; 0.467765; 0.466990; 0.466263; 0.465710; 0.464325; 0.462920; 0.460054; 0.458282; (); (); (); (); (); (); (); (); (); (); (); (); (); (); (); (); (); (); (); (); (); (); (); (); (); (); (); (); (); (); (); 
45.4; 08:05:09; (); (); (); (); (); (); (); (); (); (); (); (); (); (); (); (); (); (); (); (); (); (); (); (); (); (); (); (); (); (); (); (); (); (); (); (); (); (); (); (); (); (); 0.392757; 0.397667; 0.403174; 0.407009; 0.410284; 0.412457; 0.415323; 0.418675; 0.422851; 0.427668; 0.430200; 0.433128; 0.435390; 0.437830; 0.438261; 0.437674; 0.437255; 0.436101; 0.436250; 0.436173; 0.436235; 0.436471; 0.437180; 0.438678; 0.440241; 0.442743; 0.445897; 0.449324; 0.453197; 0.456617; 0.459780; 0.461806; 0.463548; 0.464848; 0.465882; 0.466880; 0.467950; 0.468454; 0.468498; 0.468108; 0.467554; 0.466900; 0.466326; 0.466047; 0.466213; 0.466728; 0.467502; 0.468010; 0.468691; 0.469576; 0.470397; 0.470894; 0.471079; 0.470781; 0.470282; 0.469646; 0.468923; 0.468192; 0.467206; 0.463629; 0.461590; 0.460760; 0.459802; 0.458593; 0.456698; 0.453750; 0.451528; (); (); (); (); (); (); (); (); (); (); (); (); (); (); (); (); (); (); (); (); (); (); (); (); (); (); (); (); (); (); (); 
46.4; 08:05:14; (); (); (); (); (); (); (); (); (); (); (); (); (); (); (); (); (); (); (); (); (); (); (); (); (); (); (); (); (); (); (); (); (); (); (); (); (); (); (); (); (); 0.411250; 0.415249; 0.421064; 0.424831; 0.427633; 0.430128; 0.432326; 0.434940; 0.438913; 0.442084; 0.444377; 0.446376; 0.448362; 0.449339; 0.449278; 0.448282; 0.446673; 0.445560; 0.445181; 0.445311; 0.445150; 0.444885; 0.445047; 0.445503; 0.446265; 0.447955; 0.450620; 0.453952; 0.457901; 0.461453; 0.464119; 0.465757; 0.466411; 0.466533; 0.466213; 0.466267; 0.466493; 0.466313; 0.465812; 0.464857; 0.463319; 0.461745; 0.460391; 0.459170; 0.458908; 0.459035; 0.459812; 0.460838; 0.462013; 0.463217; 0.464565; 0.466452; 0.467470; 0.468773; 0.469244; 0.469770; 0.470424; 0.470025; 0.469905; 0.465498; 0.463529; 0.463185; 0.462413; 0.461720; 0.460206; 0.458805; 0.456077; 0.454476; (); (); (); (); (); (); (); (); (); (); (); (); (); (); (); (); (); (); (); (); (); (); (); (); (); (); (); (); (); (); (); 
47.4; 08:05:19; (); (); (); (); (); (); (); (); (); (); (); (); (); (); (); (); (); (); (); (); (); (); (); (); (); (); (); (); (); (); (); (); (); (); (); (); (); (); (); (); (); (); 0.393700; 0.399022; 0.403860; 0.407228; 0.411090; 0.413777; 0.416332; 0.419535; 0.424344; 0.428342; 0.431068; 0.435093; 0.437890; 0.439097; 0.439677; 0.439012; 0.438190; 0.437207; 0.436932; 0.436737; 0.436587; 0.436549; 0.437016; 0.438094; 0.439371; 0.441814; 0.444730; 0.448055; 0.451812; 0.454608; 0.457122; 0.459647; 0.461442; 0.462788; 0.463917; 0.465052; 0.466171; 0.466631; 0.466837; 0.466572; 0.466182; 0.465497; 0.464932; 0.464762; 0.464944; 0.465435; 0.466036; 0.466660; 0.467357; 0.468330; 0.469034; 0.469671; 0.469788; 0.469473; 0.468749; 0.467903; 0.467363; 0.466651; 0.465457; 0.462455; 0.460232; 0.459436; 0.458479; 0.457057; 0.454802; 0.451733; 0.449712; (); (); (); (); (); (); (); (); (); (); (); (); (); (); (); (); (); (); (); (); (); (); (); (); (); (); (); (); (); (); (); 
48.3; 08:05:25; (); (); (); (); (); (); (); (); (); (); (); (); (); (); (); (); (); (); (); (); (); (); (); (); (); (); (); (); (); (); (); (); (); (); (); (); (); (); (); (); (); 0.407084; 0.411804; 0.417590; 0.421811; 0.424757; 0.427065; 0.429122; 0.432604; 0.437486; 0.440911; 0.443019; 0.445237; 0.447187; 0.448355; 0.448101; 0.447071; 0.445552; 0.444363; 0.443865; 0.443880; 0.443692; 0.443466; 0.443397; 0.443953; 0.444707; 0.446527; 0.449661; 0.453054; 0.456321; 0.459872; 0.462709; 0.464405; 0.464937; 0.464845; 0.464469; 0.464572; 0.464588; 0.464551; 0.463827; 0.462720; 0.461120; 0.459381; 0.457931; 0.457030; 0.456666; 0.456657; 0.457386; 0.458519; 0.459811; 0.461360; 0.462123; 0.463741; 0.464896; 0.466261; 0.466801; 0.467429; 0.468023; 0.467130; 0.466990; 0.463580; 0.460919; 0.460506; 0.459869; 0.459157; 0.457574; 0.456156; 0.453161; 0.451963; (); (); (); (); (); (); (); (); (); (); (); (); (); (); (); (); (); (); (); (); (); (); (); (); (); (); (); (); (); (); (); 
49.3; 08:05:30; (); (); (); (); (); (); (); (); (); (); (); (); (); (); (); (); (); (); (); (); (); (); (); (); (); (); (); (); (); (); (); (); (); (); (); (); (); (); (); (); (); 0.390697; 0.395046; 0.399551; 0.403842; 0.407117; 0.410258; 0.413156; 0.415543; 0.421466; 0.425790; 0.425894; 0.429445; 0.432902; 0.435442; 0.436710; 0.437112; 0.436174; 0.435593; 0.434799; 0.434386; 0.434327; 0.434026; 0.434270; 0.434546; 0.435909; 0.437648; 0.439969; 0.443073; 0.447075; 0.450634; 0.453660; 0.456695; 0.459106; 0.460760; 0.462164; 0.463555; 0.464712; 0.465797; 0.466477; 0.466674; 0.466425; 0.465922; 0.465312; 0.464774; 0.464519; 0.464588; 0.465167; 0.466307; 0.467484; 0.468530; 0.469790; 0.471063; 0.471964; 0.472502; 0.472675; 0.472532; 0.472211; 0.471908; 0.471435; 0.470445; 0.467770; 0.466330; 0.465416; 0.464432; 0.463164; 0.461295; 0.458363; 0.456075; (); (); (); (); (); (); (); (); (); (); (); (); (); (); (); (); (); (); (); (); (); (); (); (); (); (); (); (); (); (); (); 
50.3; 08:05:35; (); (); (); (); (); (); (); (); (); (); (); (); (); (); (); (); (); (); (); (); (); (); (); (); (); (); (); (); (); (); (); (); (); (); (); (); (); (); (); (); (); 0.416158; 0.419539; 0.425336; 0.429233; 0.431785; 0.434376; 0.436673; 0.439363; 0.443634; 0.446492; 0.448709; 0.450981; 0.452640; 0.453951; 0.453915; 0.452863; 0.451433; 0.450258; 0.449741; 0.449862; 0.449622; 0.449240; 0.449001; 0.449368; 0.450236; 0.452048; 0.455181; 0.458672; 0.461891; 0.465468; 0.467834; 0.469524; 0.470310; 0.470062; 0.469625; 0.469729; 0.469946; 0.469794; 0.469212; 0.468135; 0.466664; 0.465229; 0.463700; 0.462758; 0.462389; 0.462371; 0.463258; 0.464483; 0.465841; 0.467114; 0.468281; 0.470015; 0.470853; 0.472265; 0.472363; 0.473064; 0.473488; 0.472987; 0.472369; 0.468552; 0.465889; 0.465182; 0.464412; 0.463581; 0.462005; 0.460760; 0.457954; 0.456382; (); (); (); (); (); (); (); (); (); (); (); (); (); (); (); (); (); (); (); (); (); (); (); (); (); (); (); (); (); (); (); 
51.2; 08:05:40; (); (); (); (); (); (); (); (); (); (); (); (); (); (); (); (); (); (); (); (); (); (); (); (); (); (); (); (); (); (); (); (); (); (); (); (); (); (); (); (); (); 0.416158; 0.394969; 0.400243; 0.406114; 0.409929; 0.413585; 0.415994; 0.418889; 0.422381; 0.426883; 0.431269; 0.434518; 0.438896; 0.440994; 0.442638; 0.443058; 0.442726; 0.442211; 0.441066; 0.441207; 0.440752; 0.440661; 0.440953; 0.441509; 0.442690; 0.444357; 0.447093; 0.449994; 0.453363; 0.457318; 0.460830; 0.463518; 0.465605; 0.467639; 0.469052; 0.470196; 0.471305; 0.472212; 0.472736; 0.472981; 0.472668; 0.472124; 0.471582; 0.471230; 0.470961; 0.471046; 0.471478; 0.472046; 0.472649; 0.473408; 0.474202; 0.474887; 0.475481; 0.475594; 0.475222; 0.474582; 0.473663; 0.472890; 0.472161; 0.470844; 0.467650; 0.466041; 0.465365; 0.464403; 0.463014; 0.461110; 0.458410; 0.456028; (); (); (); (); (); (); (); (); (); (); (); (); (); (); (); (); (); (); (); (); (); (); (); (); (); (); (); (); (); (); (); 
52.2; 08:05:46; (); (); (); (); (); (); (); (); (); (); (); (); (); (); (); (); (); (); (); (); (); (); (); (); (); (); (); (); (); (); (); (); (); (); (); (); (); (); (); (); (); 0.416158; 0.416621; 0.422995; 0.427088; 0.429422; 0.431600; 0.433807; 0.436318; 0.440043; 0.443015; 0.445371; 0.447290; 0.449047; 0.450222; 0.450020; 0.449247; 0.447635; 0.446406; 0.445994; 0.446233; 0.446212; 0.446053; 0.446120; 0.446698; 0.447668; 0.449821; 0.452639; 0.455983; 0.459801; 0.463353; 0.465697; 0.467359; 0.467986; 0.467726; 0.467470; 0.467537; 0.467691; 0.467533; 0.466818; 0.465715; 0.464174; 0.462907; 0.461478; 0.460299; 0.459966; 0.460044; 0.460927; 0.462003; 0.463283; 0.464831; 0.465592; 0.467078; 0.468276; 0.469818; 0.470545; 0.471232; 0.471040; 0.471118; 0.471140; 0.467443; 0.464568; 0.464002; 0.463282; 0.462717; 0.461332; 0.459959; 0.457200; 0.455609; (); (); (); (); (); (); (); (); (); (); (); (); (); (); (); (); (); (); (); (); (); (); (); (); (); (); (); (); (); (); (); 
53.2; 08:05:51; (); (); (); (); (); (); (); (); (); (); (); (); (); (); (); (); (); (); (); (); (); (); (); (); (); (); (); (); (); (); (); (); (); (); (); (); (); (); (); (); (); 0.388034; 0.392134; 0.396735; 0.402151; 0.406370; 0.410439; 0.413514; 0.415939; 0.420003; 0.424726; 0.428812; 0.431974; 0.436006; 0.438595; 0.440282; 0.441053; 0.440352; 0.439743; 0.438481; 0.438397; 0.438119; 0.438291; 0.438535; 0.439383; 0.440675; 0.442279; 0.445049; 0.448649; 0.452098; 0.455558; 0.458756; 0.461343; 0.463490; 0.465428; 0.466843; 0.467935; 0.468768; 0.469556; 0.469829; 0.469928; 0.469512; 0.468843; 0.468173; 0.467754; 0.467384; 0.467463; 0.467903; 0.468556; 0.469087; 0.469829; 0.470381; 0.471014; 0.471754; 0.472044; 0.471581; 0.470936; 0.470196; 0.469498; 0.468675; 0.467320; 0.464620; 0.463060; 0.462184; 0.461215; 0.459815; 0.457722; 0.455008; 0.453144; (); (); (); (); (); (); (); (); (); (); (); (); (); (); (); (); (); (); (); (); (); (); (); (); (); (); (); (); (); (); (); 
54.1; 08:05:56; (); (); (); (); (); (); (); (); (); (); (); (); (); (); (); (); (); (); (); (); (); (); (); (); (); (); (); (); (); (); (); (); (); (); (); (); (); (); (); (); (); 0.408525; 0.412520; 0.417746; 0.421516; 0.424475; 0.427176; 0.429298; 0.432459; 0.437172; 0.439633; 0.441970; 0.444431; 0.446131; 0.447319; 0.447290; 0.446189; 0.444702; 0.443659; 0.443308; 0.443304; 0.443096; 0.442867; 0.442860; 0.443285; 0.444259; 0.446004; 0.448436; 0.451733; 0.455290; 0.458993; 0.462402; 0.464252; 0.464951; 0.465129; 0.464897; 0.465193; 0.465174; 0.465231; 0.464738; 0.464027; 0.462619; 0.461027; 0.459716; 0.458514; 0.458211; 0.458466; 0.459340; 0.460546; 0.461571; 0.462971; 0.464005; 0.465711; 0.466926; 0.468407; 0.469197; 0.469813; 0.470448; 0.470148; 0.470223; 0.466751; 0.464931; 0.464657; 0.464130; 0.463579; 0.462471; 0.461389; 0.458808; 0.457286; (); (); (); (); (); (); (); (); (); (); (); (); (); (); (); (); (); (); (); (); (); (); (); (); (); (); (); (); (); (); (); 
55.1; 08:06:02; (); (); (); (); (); (); (); (); (); (); (); (); (); (); (); (); (); (); (); (); (); (); (); (); (); (); (); (); (); (); (); (); (); (); (); (); (); (); (); (); (); 0.384482; 0.388375; 0.393610; 0.399000; 0.402792; 0.406987; 0.410352; 0.413168; 0.417850; 0.422301; 0.426786; 0.430445; 0.433357; 0.435978; 0.437444; 0.438196; 0.437815; 0.437529; 0.436255; 0.435883; 0.435668; 0.435481; 0.435536; 0.436251; 0.437617; 0.439337; 0.442089; 0.445317; 0.448710; 0.452682; 0.455526; 0.458150; 0.460570; 0.462477; 0.463716; 0.464766; 0.466008; 0.467034; 0.467385; 0.467400; 0.466963; 0.466439; 0.465639; 0.465057; 0.464694; 0.464709; 0.465124; 0.465722; 0.466367; 0.467036; 0.467804; 0.468587; 0.469201; 0.469295; 0.468944; 0.468359; 0.467629; 0.466989; 0.466322; 0.465282; 0.462209; 0.460707; 0.459931; 0.459086; 0.457732; 0.455803; 0.453002; 0.451048; (); (); (); (); (); (); (); (); (); (); (); (); (); (); (); (); (); (); (); (); (); (); (); (); (); (); (); (); (); (); (); 
56.1; 08:06:07; (); (); (); (); (); (); (); (); (); (); (); (); (); (); (); (); (); (); (); (); (); (); (); (); (); (); (); (); (); (); (); (); (); (); (); (); (); (); (); (); (); 0.409793; 0.414321; 0.419346; 0.422856; 0.425604; 0.428064; 0.430043; 0.433375; 0.437922; 0.440937; 0.443276; 0.445501; 0.447162; 0.448193; 0.447779; 0.446489; 0.445082; 0.443965; 0.443538; 0.443627; 0.443384; 0.443123; 0.443265; 0.443722; 0.444503; 0.446074; 0.449074; 0.452795; 0.456257; 0.459478; 0.462222; 0.463838; 0.464330; 0.464228; 0.463952; 0.464127; 0.464264; 0.463920; 0.463157; 0.462177; 0.460635; 0.459114; 0.457691; 0.456519; 0.456177; 0.456374; 0.457163; 0.458271; 0.459488; 0.460786; 0.461594; 0.463213; 0.464606; 0.465719; 0.466463; 0.466842; 0.467505; 0.467094; 0.467090; 0.463450; 0.461620; 0.461336; 0.460678; 0.460174; 0.458810; 0.457758; 0.455215; 0.453769; (); (); (); (); (); (); (); (); (); (); (); (); (); (); (); (); (); (); (); (); (); (); (); (); (); (); (); (); (); (); (); 
57.1; 08:06:12; (); (); (); (); (); (); (); (); (); (); (); (); (); (); (); (); (); (); (); (); (); (); (); (); (); (); (); (); (); (); (); (); (); (); (); (); (); (); (); (); (); 0.390312; 0.394135; 0.398982; 0.404659; 0.408370; 0.412095; 0.415360; 0.417514; 0.422238; 0.426479; 0.430617; 0.433265; 0.436703; 0.439271; 0.440510; 0.440943; 0.440402; 0.439836; 0.438537; 0.438081; 0.437915; 0.437692; 0.437843; 0.438586; 0.440206; 0.442026; 0.444521; 0.447668; 0.451557; 0.455037; 0.457940; 0.460943; 0.463380; 0.464951; 0.466196; 0.467095; 0.468235; 0.469175; 0.469490; 0.469559; 0.469231; 0.468676; 0.468023; 0.467466; 0.467075; 0.467171; 0.467687; 0.468531; 0.469271; 0.469900; 0.470814; 0.471726; 0.472409; 0.472538; 0.472229; 0.471632; 0.470814; 0.470233; 0.469541; 0.467947; 0.464239; 0.461611; 0.460726; 0.459531; 0.458001; 0.456141; 0.453277; 0.450315; (); (); (); (); (); (); (); (); (); (); (); (); (); (); (); (); (); (); (); (); (); (); (); (); (); (); (); (); (); (); (); 
58.0; 08:06:17; (); (); (); (); (); (); (); (); (); (); (); (); (); (); (); (); (); (); (); (); (); (); (); (); (); (); (); (); (); (); (); (); (); (); (); (); (); (); (); (); (); 0.414490; 0.418073; 0.423671; 0.427657; 0.430282; 0.432405; 0.434172; 0.436113; 0.439777; 0.443027; 0.445028; 0.447041; 0.448896; 0.450259; 0.450157; 0.449143; 0.447630; 0.446595; 0.446143; 0.446236; 0.446028; 0.445864; 0.445748; 0.446294; 0.447114; 0.449162; 0.452247; 0.455754; 0.459450; 0.462518; 0.464851; 0.466782; 0.467363; 0.467246; 0.466959; 0.467080; 0.467177; 0.467097; 0.466419; 0.465297; 0.463379; 0.461790; 0.460398; 0.459469; 0.459380; 0.459415; 0.460275; 0.461257; 0.462869; 0.464011; 0.465223; 0.466569; 0.467839; 0.469262; 0.469309; 0.470129; 0.470556; 0.470095; 0.469985; 0.466321; 0.462849; 0.462112; 0.461587; 0.460373; 0.458975; 0.457369; 0.454413; 0.452576; (); (); (); (); (); (); (); (); (); (); (); (); (); (); (); (); (); (); (); (); (); (); (); (); (); (); (); (); (); (); (); 
59.0; 08:06:23; (); (); (); (); (); (); (); (); (); (); (); (); (); (); (); (); (); (); (); (); (); (); (); (); (); (); (); (); (); (); (); (); (); (); (); (); (); (); (); (); (); 0.387270; 0.391443; 0.395523; 0.400285; 0.403971; 0.407684; 0.410423; 0.412841; 0.416247; 0.420853; 0.425188; 0.428021; 0.431760; 0.433794; 0.435043; 0.434972; 0.433974; 0.433523; 0.432403; 0.432486; 0.432118; 0.431937; 0.431991; 0.432426; 0.433871; 0.435739; 0.438086; 0.441082; 0.444493; 0.448447; 0.451839; 0.454612; 0.456951; 0.458687; 0.459745; 0.460994; 0.462180; 0.463097; 0.463440; 0.463446; 0.462978; 0.462589; 0.461910; 0.461394; 0.461160; 0.461300; 0.461803; 0.462601; 0.463226; 0.464066; 0.464935; 0.465785; 0.466279; 0.466398; 0.466037; 0.465368; 0.464557; 0.463992; 0.463250; 0.461823; 0.458818; 0.455718; 0.454579; 0.453653; 0.452297; 0.450260; 0.447041; 0.444121; (); (); (); (); (); (); (); (); (); (); (); (); (); (); (); (); (); (); (); (); (); (); (); (); (); (); (); (); (); (); (); 
60.0; 08:06:28; (); (); (); (); (); (); (); (); (); (); (); (); (); (); (); (); (); (); (); (); (); (); (); (); (); (); (); (); (); (); (); (); (); (); (); (); (); (); (); (); (); 0.405509; 0.409387; 0.415556; 0.419573; 0.422129; 0.424324; 0.426676; 0.429377; 0.433654; 0.436921; 0.439410; 0.441676; 0.443412; 0.444120; 0.443907; 0.442705; 0.441212; 0.440019; 0.439660; 0.439610; 0.439497; 0.439095; 0.439215; 0.439606; 0.440554; 0.442097; 0.444833; 0.448659; 0.452750; 0.455893; 0.458590; 0.460508; 0.461164; 0.460967; 0.460565; 0.460563; 0.460811; 0.460494; 0.459894; 0.458948; 0.457390; 0.455634; 0.454393; 0.453334; 0.452992; 0.452974; 0.454030; 0.454912; 0.456427; 0.457844; 0.459111; 0.460685; 0.462111; 0.463450; 0.464159; 0.464813; 0.465368; 0.465037; 0.465171; 0.461955; 0.458318; 0.457677; 0.457322; 0.456298; 0.454667; 0.453176; 0.450623; 0.448731; (); (); (); (); (); (); (); (); (); (); (); (); (); (); (); (); (); (); (); (); (); (); (); (); (); (); (); (); (); (); (); 
61.0; 08:06:33; (); (); (); (); (); (); (); (); (); (); (); (); (); (); (); (); (); (); (); (); (); (); (); (); (); (); (); (); (); (); (); (); (); (); (); (); (); (); (); (); (); 0.384946; 0.388668; 0.392851; 0.398515; 0.402621; 0.405655; 0.408256; 0.411082; 0.415226; 0.419537; 0.423183; 0.426180; 0.429821; 0.432088; 0.434103; 0.434356; 0.433719; 0.433116; 0.431859; 0.431662; 0.431262; 0.431119; 0.431243; 0.431978; 0.433318; 0.434811; 0.437586; 0.440746; 0.444089; 0.447599; 0.451167; 0.454401; 0.456740; 0.458637; 0.460192; 0.461688; 0.462992; 0.464161; 0.464859; 0.465305; 0.465224; 0.464888; 0.464361; 0.464073; 0.463966; 0.464188; 0.464796; 0.465542; 0.466250; 0.467137; 0.467915; 0.468736; 0.469391; 0.469386; 0.468915; 0.468340; 0.467737; 0.467130; 0.466211; 0.465142; 0.462523; 0.461070; 0.460354; 0.459463; 0.458172; 0.456377; 0.453612; 0.451778; (); (); (); (); (); (); (); (); (); (); (); (); (); (); (); (); (); (); (); (); (); (); (); (); (); (); (); (); (); (); (); 
61.9; 08:06:39; (); (); (); (); (); (); (); (); (); (); (); (); (); (); (); (); (); (); (); (); (); (); (); (); (); (); (); (); (); (); (); (); (); (); (); (); (); (); (); (); (); 0.384946; 0.414945; 0.421235; 0.425192; 0.427309; 0.429076; 0.431464; 0.433574; 0.437463; 0.440755; 0.443010; 0.445025; 0.446487; 0.447563; 0.447255; 0.445946; 0.444104; 0.442867; 0.442389; 0.442374; 0.442238; 0.441984; 0.441901; 0.442466; 0.443616; 0.445396; 0.448244; 0.452041; 0.455516; 0.458802; 0.461780; 0.463812; 0.464443; 0.464419; 0.464277; 0.464436; 0.464679; 0.464704; 0.463942; 0.462982; 0.461580; 0.459894; 0.458400; 0.457371; 0.456987; 0.457071; 0.457887; 0.458849; 0.460140; 0.461589; 0.462871; 0.464441; 0.465620; 0.467160; 0.467746; 0.468557; 0.468467; 0.468791; 0.468873; 0.465566; 0.462849; 0.462367; 0.461824; 0.461125; 0.459710; 0.458273; 0.455692; 0.454664; (); (); (); (); (); (); (); (); (); (); (); (); (); (); (); (); (); (); (); (); (); (); (); (); (); (); (); (); (); (); (); 
62.9; 08:06:44; (); (); (); (); (); (); (); (); (); (); (); (); (); (); (); (); (); (); (); (); (); (); (); (); (); (); (); (); (); (); (); (); (); (); (); (); (); (); (); (); (); 0.382024; 0.386433; 0.392401; 0.397748; 0.401609; 0.405467; 0.408618; 0.411454; 0.415750; 0.421431; 0.426022; 0.429219; 0.433096; 0.435594; 0.436950; 0.437430; 0.436607; 0.435920; 0.434638; 0.434587; 0.434317; 0.434300; 0.434396; 0.434748; 0.436179; 0.437877; 0.440651; 0.443619; 0.446859; 0.450450; 0.454523; 0.457556; 0.459864; 0.461834; 0.462835; 0.463945; 0.465083; 0.466186; 0.466533; 0.466576; 0.466203; 0.465659; 0.464971; 0.464448; 0.464144; 0.464109; 0.464510; 0.465071; 0.465715; 0.466494; 0.467347; 0.468304; 0.468878; 0.469007; 0.468591; 0.468113; 0.467469; 0.466839; 0.466103; 0.464814; 0.461088; 0.457082; 0.456206; 0.454929; 0.453211; 0.451213; 0.448107; 0.445131; (); (); (); (); (); (); (); (); (); (); (); (); (); (); (); (); (); (); (); (); (); (); (); (); (); (); (); (); (); (); (); 
70.6; 08:07:31; (); (); (); (); (); (); (); (); (); (); (); (); (); (); (); (); (); (); (); (); (); (); (); (); (); (); (); (); (); (); (); (); (); (); (); (); (); (); (); (); (); (); (); (); (); (); (); (); (); (); (); (); (); (); (); (); (); (); (); (); (); (); (); (); (); (); (); (); (); -0.180716; 5.574863; 21.101610; 34.440693; 46.435151; 56.423241; 64.742804; 72.196895; 84.203643; 99.238974; 111.712956; 124.876845; 140.619504; 155.274117; 166.882575; 178.565085; 182.829285; 185.691488; 187.334442; 185.782254; 182.955563; 183.466029; 185.032344; 184.813929; 182.536077; 181.654954; 178.112912; 173.378396; (); (); (); (); (); (); (); (); (); (); (); (); (); (); (); (); (); (); (); (); (); (); (); (); (); (); (); (); (); (); (); (); (); (); (); (); (); (); (); (); (); (); (); 
72.4; 08:07:48; 0.469473; (); (); (); (); (); (); 0.690156; 0.689395; 0.687643; 0.685835; 0.683331; 0.680130; 0.678467; 0.677752; 0.678158; 0.678741; 0.679537; 0.681492; 0.683471; (); (); (); (); (); (); (); (); (); (); (); (); (); (); (); (); (); (); (); (); (); 0.654570; 0.654245; 0.653893; 0.653792; 0.653336; 0.652891; 0.652188; 0.651786; 0.650733; 0.649877; 0.648774; 0.648118; 0.647380; 0.646900; 0.645822; 0.645515; 0.645236; 0.645592; 0.646615; 0.647570; 0.646599; 0.645551; 0.644899; 0.647130; 0.652539; 0.661226; 0.674933; 0.697718; 0.729355; 0.770957; 0.812328; 0.861006; 0.915643; 0.982429; 1.089253; 1.254272; -2.159200; -32.938319; -53.681195; -56.766140; -56.894422; -57.056874; -57.134134; -57.333696; -57.590955; -60.567582; -65.686494; -70.901847; -77.065265; -85.542631; -94.636172; -90.775925; -54.466820; (); (); (); (); (); (); (); (); (); (); (); (); (); (); (); (); (); (); (); (); (); (); (); (); (); (); (); (); (); (); (); (); (); (); (); (); (); (); (); (); (); (); (); (); (); (); 
75.7; 08:08:06; 0.486241; 0.489178; 0.490799; 0.492456; 0.494604; 0.497812; 0.502968; 0.511834; 0.524198; 0.538841; 0.554886; 0.583282; 0.620622; 0.664138; 0.720175; 0.795638; 0.917481; 1.077951; 1.354097; 2.013122; 3.848219; 8.190571; -11.656026; -138.256717; -174.646163; -212.904644; -249.952078; -287.686515; -321.146321; -358.722091; -396.294522; -419.823217; -442.424870; -469.534969; -493.407059; -523.173571; -560.016584; -558.305168; -464.358187; -447.974253; -418.837547; -388.201904; -361.022615; -328.301167; -280.768847; -241.905332; -206.710243; -168.320870; -135.594523; -103.449047; -67.454642; -34.410605; 3.668042; 33.049250; 58.523518; 78.768092; 94.851506; 111.105084; 121.604228; 126.555002; 125.255823; 116.151702; (); (); (); (); (); (); (); (); (); (); (); (); (); (); (); (); (); (); (); (); (); (); (); (); (); (); (); (); (); (); (); (); (); (); (); (); (); (); (); (); (); (); (); (); (); (); (); (); (); (); (); (); (); (); (); (); (); (); (); (); (); (); (); (); (); (); (); (); (); (); (); (); (); (); (); (); (); (); 
79.0; 08:08:18; (); (); (); (); (); (); (); (); (); (); (); (); (); (); (); (); (); (); (); (); (); (); (); (); (); (); (); (); (); (); (); (); (); (); (); (); (); (); (); (); (); (); (); (); (); (); (); (); (); (); (); (); (); (); (); (); (); (); (); (); (); (); (); (); (); (); (); (); (); (); (); (); (); (); (); (); (); (); (); (); (); (); (); (); (); (); (); (); (); (); (); (); (); (); (); (); (); (); (); (); (); (); (); (); (); (); (); (); (); (); (); (); (); (); (); (); (); (); (); (); (); (); (); (); (); (); (); (); (); (); (); (); (); (); (); (); (); (); (); (); 
81.2; 08:08:30; (); (); (); (); (); (); (); (); (); (); (); (); (); (); (); (); (); (); (); (); (); (); (); (); (); (); (); (); (); (); (); (); (); (); (); (); (); (); (); (); (); (); (); (); (); (); (); (); (); (); (); (); (); (); (); (); (); (); (); (); (); (); (); (); (); (); (); (); (); (); (); (); (); (); (); (); (); (); (); (); (); (); (); (); (); (); (); (); (); (); (); (); (); (); (); (); (); (); (); (); (); (); (); (); (); (); (); (); (); (); (); (); (); (); (); (); (); (); (); (); (); (); (); (); (); (); (); (); (); (); (); (); (); (); (); (); (); (); (); (); 
83.4; 08:08:43; (); (); (); (); (); (); (); (); (); (); (); (); (); (); (); (); (); (); (); (); (); (); (); (); (); (); (); (); (); (); (); (); (); (); (); (); (); (); (); (); (); (); (); (); (); (); (); (); (); (); (); (); (); (); (); (); (); (); (); (); (); (); (); (); (); (); (); (); (); (); (); (); (); (); (); (); (); (); (); (); (); (); (); (); (); (); (); (); (); (); (); (); (); (); (); (); (); (); (); (); (); (); (); (); (); (); (); (); (); (); (); (); (); (); (); (); (); (); (); (); (); (); (); (); (); (); (); (); (); (); (); (); (); (); (); (); (); (); (); (); 
85.6; 08:08:55; (); (); (); (); (); (); (); (); (); (); (); (); (); (); (); (); (); (); (); (); (); (); (); (); (); (); (); (); (); (); (); (); (); (); (); (); (); (); (); (); (); (); (); (); (); (); (); (); (); (); (); (); (); (); (); (); (); (); (); (); (); (); (); (); (); (); (); (); (); (); (); (); (); (); (); (); (); (); (); (); (); (); (); (); (); (); (); (); (); (); (); (); (); (); (); (); (); (); (); (); (); (); (); (); (); (); (); (); (); (); (); (); (); (); (); (); (); (); (); (); (); (); (); (); (); (); (); (); (); (); (); (); (); (); (); (); (); (); (); (); 
87.9; 08:09:07; (); (); (); (); (); (); (); (); (); (); (); (); (); (); (); (); (); (); (); (); (); (); (); (); (); (); (); (); (); (); (); (); (); (); (); (); (); (); (); (); (); (); (); (); (); (); (); (); (); (); (); (); (); (); (); (); (); (); (); (); (); (); (); (); (); (); (); (); (); (); (); (); (); (); (); (); (); (); (); (); (); (); (); (); (); (); (); (); (); (); (); (); (); (); (); (); (); (); (); (); (); (); (); (); (); (); (); (); (); (); (); (); (); (); (); (); (); (); (); (); (); (); (); (); (); (); (); (); (); (); (); (); (); (); (); (); (); (); (); (); 
90.1; 08:09:19; (); (); (); (); (); (); (); (); (); (); (); (); (); (); (); (); (); (); (); (); (); (); (); (); (); (); (); (); (); (); (); (); (); (); (); (); (); (); (); (); (); (); (); (); (); (); (); (); (); (); (); (); (); (); (); (); (); (); (); (); (); (); (); (); (); (); (); (); (); (); (); (); (); (); (); (); (); (); (); (); (); (); (); (); (); (); (); (); (); (); (); (); (); (); (); (); (); (); (); (); (); (); (); (); (); (); (); (); (); (); (); (); (); (); (); (); (); (); (); (); (); (); (); (); (); (); (); (); (); (); (); (); (); (); (); (); (); (); (); (); 
92.3; 08:09:31; (); (); (); (); (); (); (); (); (); (); (); (); (); (); (); (); (); (); (); (); (); (); (); (); (); (); (); (); (); (); (); (); (); (); (); (); (); (); (); (); (); (); (); (); (); (); (); (); (); (); (); (); (); (); (); (); (); (); (); (); (); (); (); (); (); (); (); (); (); (); (); (); (); (); (); (); (); (); (); (); (); (); (); (); (); (); (); (); (); (); (); (); (); (); (); (); (); (); (); (); (); (); (); (); (); (); (); (); (); (); (); (); (); (); (); (); (); (); (); (); (); (); (); (); (); (); (); (); (); (); (); (); (); (); (); (); (); (); (); (); 
94.5; 08:09:43; (); (); (); (); (); (); (); (); (); (); (); (); (); (); (); (); (); (); (); (); (); (); (); (); (); (); (); (); (); (); (); (); (); (); (); (); (); (); (); (); (); (); (); (); (); (); (); (); (); (); (); (); (); (); (); (); (); (); (); (); (); (); (); (); (); (); (); (); (); (); (); (); (); (); (); (); (); (); (); (); (); (); (); (); (); (); (); (); (); (); (); (); (); (); (); (); (); (); (); (); (); (); (); (); (); (); (); (); (); (); (); (); (); (); (); (); (); (); (); (); (); (); (); (); (); (); (); (); (); (); (); (); (); (); (); (); (); (); (); (); 
