Roll Number; 3
Recipe Name; FP 4577_360 GSM
Start Time; 2017-11-20; 07:44:16
File Name; D:\Mahlo\TR\171120074416FP 4577_360 GSM3_THICKNESS2.txt

38123.8; 07:44:27; (); (); (); (); (); (); (); (); (); (); (); (); (); (); (); (); (); (); (); (); (); (); (); (); (); (); (); (); (); (); (); (); (); (); (); (); (); (); (); (); (); (); (); (); (); (); (); (); (); (); (); (); (); 0.333676; 0.331188; 0.327814; 0.325047; 0.324565; 0.326024; 0.328693; 0.331043; 0.332824; 0.333469; 0.331468; 0.328206; 0.327394; 0.329305; 0.332308; 0.335781; 0.341126; 0.346172; 0.350157; 0.352505; 0.354314; 0.354883; 0.354364; 0.353938; 0.356486; 0.359886; 0.363653; 0.364268; 0.361958; 0.359850; 0.357139; 0.354067; 0.351390; 0.349463; 0.348797; 0.347640; 0.346113; 0.346347; 0.346482; 0.344206; 0.340849; 0.338319; 0.337630; (); (); (); (); (); (); (); (); (); (); (); (); (); (); (); (); (); (); (); (); (); (); (); (); (); (); (); (); (); (); (); (); (); (); (); (); (); (); (); (); (); (); (); (); 
38125.6; 07:44:32; (); (); (); (); (); (); (); (); (); (); (); (); (); (); (); (); (); (); (); (); (); (); (); (); (); (); (); (); (); (); (); (); (); (); (); (); (); (); (); (); (); 0.330609; 0.329907; 0.331761; 0.331417; 0.330587; 0.330005; 0.329370; 0.326935; 0.325712; 0.325747; 0.325792; 0.325474; 0.325970; 0.326344; 0.328528; 0.329638; 0.328133; 0.325368; 0.326059; 0.327085; 0.328293; 0.329653; 0.331114; 0.332580; 0.333338; 0.335053; 0.336579; 0.336697; 0.338069; 0.340890; 0.342795; 0.345209; 0.349603; 0.353477; 0.354497; 0.353818; 0.353287; 0.352916; 0.353120; 0.355135; 0.354329; 0.355061; 0.355534; 0.353638; 0.351545; 0.349932; 0.347653; 0.343948; 0.341031; 0.340531; 0.341616; 0.342132; 0.341607; 0.339673; 0.336243; (); (); (); (); (); (); (); (); (); (); (); (); (); (); (); (); (); (); (); (); (); (); (); (); (); (); (); (); (); (); (); (); (); (); (); (); (); (); (); (); (); (); (); (); 
38126.6; 07:44:38; (); (); (); (); (); (); (); (); (); (); (); (); (); (); (); (); (); (); (); (); (); (); (); (); (); (); (); (); (); (); (); (); (); (); (); (); (); (); (); (); (); 0.330359; 0.330093; 0.329601; 0.328919; 0.327500; 0.327772; 0.328574; 0.328821; 0.329070; 0.329611; 0.329275; 0.328331; 0.327482; 0.328276; 0.329791; 0.330064; 0.329496; 0.329485; 0.331399; 0.334038; 0.334385; 0.333687; 0.333162; 0.332410; 0.331938; 0.334548; 0.337758; 0.340880; 0.343934; 0.346844; 0.348040; 0.348859; 0.350116; 0.351580; 0.352442; 0.354013; 0.356037; 0.357898; 0.359672; 0.360205; 0.358517; 0.357147; 0.354312; 0.349772; 0.347654; 0.348272; 0.348766; 0.348977; 0.347730; 0.346281; 0.346197; 0.346021; 0.345212; 0.344705; 0.345433; 0.346346; 0.345412; 0.347680; 0.348807; 0.348477; 0.348864; 0.349215; 0.348651; 0.348263; 0.348776; 0.347870; 0.347327; (); (); (); (); (); (); (); (); (); (); (); (); (); (); (); (); (); (); (); (); (); (); (); (); (); (); (); (); (); (); (); (); 
38127.5; 07:44:43; (); (); (); (); (); (); (); (); (); (); (); (); (); (); (); (); (); (); (); (); (); (); (); (); (); (); (); (); (); (); (); (); (); (); (); (); (); (); (); (); (); 0.325991; 0.326234; 0.327554; 0.329615; 0.329562; 0.329139; 0.329171; 0.329801; 0.329944; 0.328224; 0.327612; 0.327255; 0.326995; 0.328120; 0.329327; 0.328724; 0.328861; 0.328073; 0.327536; 0.328304; 0.329295; 0.329590; 0.328272; 0.328018; 0.330807; 0.335878; 0.339889; 0.342271; 0.343604; 0.346290; 0.347997; 0.349340; 0.351154; 0.353471; 0.355700; 0.356676; 0.357097; 0.357815; 0.358025; 0.356448; 0.353987; 0.352038; 0.349896; 0.348206; 0.347997; 0.348463; 0.348580; 0.348411; 0.345747; 0.342629; 0.341889; 0.342588; 0.344413; 0.346773; 0.349062; 0.350309; 0.351288; 0.353197; 0.353518; 0.352664; 0.352323; 0.351567; 0.350774; 0.353220; 0.356217; 0.357934; 0.358166; 0.356591; (); (); (); (); (); (); (); (); (); (); (); (); (); (); (); (); (); (); (); (); (); (); (); (); (); (); (); (); (); (); (); 
38128.5; 07:44:48; (); (); (); (); (); (); (); (); (); (); (); (); (); (); (); (); (); (); (); (); (); (); (); (); (); (); (); (); (); (); (); (); (); (); (); (); (); (); (); (); (); 0.330840; 0.330915; 0.331774; 0.331554; 0.329943; 0.329720; 0.330228; 0.331433; 0.331123; 0.330389; 0.329614; 0.327995; 0.327289; 0.326385; 0.328770; 0.330834; 0.330470; 0.329391; 0.329911; 0.330697; 0.330656; 0.329664; 0.327941; 0.327385; 0.329030; 0.332801; 0.337539; 0.338854; 0.340025; 0.340239; 0.340588; 0.341239; 0.343679; 0.346561; 0.349637; 0.352095; 0.353489; 0.354515; 0.355576; 0.355389; 0.353063; 0.350136; 0.349307; 0.348462; 0.349023; 0.349892; 0.350037; 0.348367; 0.346541; 0.345017; 0.344038; 0.343902; 0.343812; 0.343988; 0.346969; 0.350212; 0.351568; 0.352080; 0.353329; 0.353326; 0.352823; 0.353438; 0.354374; 0.355133; 0.355695; 0.356974; 0.359015; 0.360095; (); (); (); (); (); (); (); (); (); (); (); (); (); (); (); (); (); (); (); (); (); (); (); (); (); (); (); (); (); (); (); 
38129.5; 07:44:54; (); (); (); (); (); (); (); (); (); (); (); (); (); (); (); (); (); (); (); (); (); (); (); (); (); (); (); (); (); (); (); (); (); (); (); (); (); (); (); (); (); 0.324808; 0.324023; 0.325974; 0.328894; 0.329206; 0.328028; 0.328828; 0.330804; 0.331536; 0.331103; 0.330690; 0.329682; 0.328513; 0.328026; 0.328468; 0.329894; 0.330597; 0.330071; 0.329528; 0.330760; 0.332165; 0.331617; 0.329026; 0.327945; 0.331115; 0.337414; 0.342506; 0.345052; 0.348572; 0.350894; 0.351278; 0.351827; 0.352698; 0.354022; 0.355154; 0.355999; 0.356325; 0.357163; 0.357248; 0.355456; 0.352930; 0.349948; 0.347846; 0.345648; 0.345039; 0.345467; 0.346466; 0.347028; 0.345858; 0.344691; 0.344687; 0.345401; 0.347146; 0.349442; 0.351030; 0.351843; 0.352911; 0.353681; 0.353399; 0.352567; 0.351940; 0.350631; 0.349503; 0.350492; 0.351294; 0.351746; 0.351195; 0.349606; (); (); (); (); (); (); (); (); (); (); (); (); (); (); (); (); (); (); (); (); (); (); (); (); (); (); (); (); (); (); (); 
38130.5; 07:44:59; (); (); (); (); (); (); (); (); (); (); (); (); (); (); (); (); (); (); (); (); (); (); (); (); (); (); (); (); (); (); (); (); (); (); (); (); (); (); (); (); (); 0.331778; 0.331872; 0.332887; 0.332634; 0.331673; 0.330948; 0.331234; 0.332021; 0.331626; 0.330646; 0.329161; 0.326699; 0.325405; 0.324433; 0.326219; 0.327770; 0.326568; 0.325206; 0.325878; 0.326274; 0.326207; 0.325406; 0.324190; 0.324065; 0.324676; 0.326941; 0.331152; 0.333042; 0.334049; 0.334570; 0.335545; 0.336883; 0.336537; 0.337286; 0.339381; 0.342860; 0.346221; 0.348089; 0.348914; 0.348558; 0.346238; 0.345654; 0.346754; 0.347949; 0.349488; 0.349744; 0.350617; 0.351625; 0.351202; 0.349186; 0.345532; 0.344616; 0.345325; 0.346638; 0.348830; 0.351245; 0.351506; 0.351172; 0.351769; 0.350615; 0.351279; 0.352381; 0.353058; 0.353751; 0.356707; 0.359493; 0.358907; 0.349606; (); (); (); (); (); (); (); (); (); (); (); (); (); (); (); (); (); (); (); (); (); (); (); (); (); (); (); (); (); (); (); 
38131.4; 07:45:04; (); (); (); (); (); (); (); (); (); (); (); (); (); (); (); (); (); (); (); (); (); (); (); (); (); (); (); (); (); (); (); (); (); (); (); (); (); (); (); (); (); 0.328794; 0.327998; 0.329307; 0.330347; 0.330126; 0.331085; 0.332206; 0.333871; 0.334504; 0.332683; 0.331998; 0.330158; 0.329146; 0.331448; 0.333782; 0.334608; 0.334230; 0.334097; 0.333835; 0.333591; 0.332860; 0.333395; 0.333691; 0.334576; 0.337173; 0.341909; 0.345861; 0.346916; 0.348060; 0.350259; 0.351633; 0.353014; 0.355170; 0.357675; 0.359767; 0.360266; 0.360551; 0.361185; 0.362232; 0.360698; 0.357128; 0.355719; 0.353263; 0.349098; 0.347290; 0.347231; 0.347814; 0.347890; 0.346310; 0.345001; 0.345155; 0.345827; 0.344968; 0.345692; 0.348208; 0.349762; 0.350752; 0.353030; 0.354701; 0.356358; 0.357259; 0.356590; 0.355037; 0.356796; 0.359089; 0.359059; 0.357555; (); (); (); (); (); (); (); (); (); (); (); (); (); (); (); (); (); (); (); (); (); (); (); (); (); (); (); (); (); (); (); (); 
38132.4; 07:45:10; (); (); (); (); (); (); (); (); (); (); (); (); (); (); (); (); (); (); (); (); (); (); (); (); (); (); (); (); (); (); (); (); (); (); (); (); (); (); (); (); (); 0.327869; 0.328203; 0.328937; 0.329667; 0.328682; 0.327882; 0.328133; 0.328945; 0.330046; 0.328760; 0.327857; 0.326217; 0.324847; 0.325156; 0.327834; 0.328782; 0.328796; 0.328287; 0.328519; 0.330145; 0.330568; 0.330535; 0.330946; 0.330483; 0.332762; 0.336954; 0.341420; 0.344256; 0.345476; 0.347964; 0.348728; 0.348617; 0.348981; 0.350344; 0.351668; 0.354392; 0.356050; 0.357394; 0.359751; 0.358720; 0.356179; 0.354107; 0.352390; 0.350949; 0.350338; 0.349977; 0.351362; 0.352146; 0.351615; 0.350915; 0.349868; 0.348641; 0.347110; 0.346133; 0.347107; 0.347843; 0.347896; 0.349459; 0.350785; 0.350737; 0.352968; 0.353396; 0.353225; 0.353144; 0.353569; 0.354646; 0.355997; (); (); (); (); (); (); (); (); (); (); (); (); (); (); (); (); (); (); (); (); (); (); (); (); (); (); (); (); (); (); (); (); 
38140.1; 07:45:51; (); (); (); (); (); (); (); (); (); (); (); (); (); (); (); (); (); (); (); (); (); (); (); (); (); (); (); (); (); (); (); (); (); (); (); (); (); (); (); (); (); 0.333759; 0.334237; 0.334934; 0.335534; 0.334843; 0.333672; 0.333242; 0.332908; 0.333015; 0.334450; 0.336052; 0.336517; 0.335077; 0.335313; 0.336196; 0.337445; 0.337915; 0.337299; 0.335982; 0.335274; 0.334149; 0.333083; 0.333292; 0.332240; 0.330440; 0.332205; 0.338349; 0.343688; 0.346267; 0.347895; 0.346265; 0.346031; 0.347588; 0.349510; 0.352531; 0.357069; 0.359535; 0.360109; 0.360475; 0.360891; 0.356323; 0.352575; 0.349451; 0.346948; 0.346802; 0.349682; 0.351733; 0.352515; 0.352422; 0.351737; 0.350017; 0.349145; 0.349093; 0.349800; 0.352127; 0.354255; 0.355639; 0.356596; 0.356265; 0.354996; 0.355160; 0.354379; 0.353924; 0.354257; 0.354844; 0.356442; 0.358003; 0.357958; (); (); (); (); (); (); (); (); (); (); (); (); (); (); (); (); (); (); (); (); (); (); (); (); (); (); (); (); (); (); (); 
38141.0; 07:45:56; (); (); (); (); (); (); (); (); (); (); (); (); (); (); (); (); (); (); (); (); (); (); (); (); (); (); (); (); (); (); (); (); (); (); (); (); (); (); (); (); (); 0.347214; 0.344545; 0.343821; 0.342782; 0.342980; 0.342201; 0.341162; 0.339722; 0.337925; 0.337108; 0.337993; 0.338506; 0.336784; 0.334738; 0.335211; 0.334847; 0.334443; 0.334555; 0.334569; 0.333891; 0.334875; 0.335921; 0.337488; 0.339037; 0.338770; 0.338617; 0.338646; 0.340034; 0.343218; 0.346927; 0.349486; 0.351272; 0.353085; 0.354540; 0.355729; 0.356736; 0.356009; 0.354423; 0.353649; 0.353649; 0.352011; 0.351913; 0.351187; 0.348265; 0.347218; 0.348033; 0.347984; 0.347106; 0.346759; 0.346315; 0.345801; 0.348142; 0.348360; 0.348935; 0.351329; 0.353071; 0.353532; 0.355385; 0.357522; 0.357801; 0.356917; 0.356821; 0.357353; 0.357696; 0.358570; 0.359598; 0.358637; 0.359591; (); (); (); (); (); (); (); (); (); (); (); (); (); (); (); (); (); (); (); (); (); (); (); (); (); (); (); (); (); (); (); 
38142.0; 07:46:02; (); (); (); (); (); (); (); (); (); (); (); (); (); (); (); (); (); (); (); (); (); (); (); (); (); (); (); (); (); (); (); (); (); (); (); (); (); (); (); (); (); 0.341925; 0.340499; 0.339040; 0.336385; 0.335926; 0.336141; 0.336563; 0.337299; 0.338188; 0.338154; 0.338331; 0.337443; 0.334207; 0.331056; 0.330164; 0.330763; 0.332123; 0.334384; 0.337074; 0.338557; 0.338979; 0.338479; 0.337808; 0.337612; 0.337073; 0.338433; 0.341972; 0.345930; 0.348835; 0.352105; 0.352623; 0.350876; 0.348986; 0.348516; 0.348273; 0.349932; 0.351599; 0.351509; 0.351641; 0.353162; 0.352255; 0.349969; 0.346856; 0.343434; 0.342388; 0.345323; 0.349529; 0.352288; 0.353226; 0.353139; 0.352002; 0.351415; 0.351055; 0.350863; 0.350985; 0.352112; 0.353194; 0.355228; 0.356984; 0.356035; 0.353640; 0.350849; 0.349622; 0.348925; 0.348567; 0.348642; 0.349479; 0.350632; (); (); (); (); (); (); (); (); (); (); (); (); (); (); (); (); (); (); (); (); (); (); (); (); (); (); (); (); (); (); (); 
38143.0; 07:46:07; (); (); (); (); (); (); (); (); (); (); (); (); (); (); (); (); (); (); (); (); (); (); (); (); (); (); (); (); (); (); (); (); (); (); (); (); (); (); (); (); (); 0.343240; 0.342154; 0.341559; 0.340603; 0.340295; 0.339879; 0.339013; 0.337259; 0.335031; 0.335057; 0.336489; 0.337542; 0.336686; 0.336410; 0.336251; 0.334375; 0.332736; 0.331923; 0.332066; 0.331976; 0.332852; 0.334087; 0.334719; 0.336390; 0.335685; 0.335396; 0.335212; 0.335134; 0.336434; 0.340877; 0.346041; 0.349372; 0.352180; 0.354616; 0.355403; 0.354948; 0.354891; 0.354575; 0.353396; 0.354373; 0.352643; 0.352645; 0.352806; 0.350650; 0.348781; 0.349737; 0.349790; 0.348959; 0.348583; 0.349225; 0.348770; 0.349785; 0.350437; 0.351204; 0.352113; 0.353455; 0.354175; 0.355228; 0.357175; 0.357391; 0.355806; 0.355321; 0.355318; 0.355054; 0.355259; 0.357198; 0.357552; 0.357705; (); (); (); (); (); (); (); (); (); (); (); (); (); (); (); (); (); (); (); (); (); (); (); (); (); (); (); (); (); (); (); 
38143.9; 07:46:12; (); (); (); (); (); (); (); (); (); (); (); (); (); (); (); (); (); (); (); (); (); (); (); (); (); (); (); (); (); (); (); (); (); (); (); (); (); (); (); (); (); 0.343210; 0.340817; 0.339702; 0.338842; 0.339226; 0.340150; 0.339481; 0.338493; 0.338841; 0.339200; 0.338744; 0.338327; 0.336113; 0.334643; 0.333993; 0.334479; 0.335332; 0.334473; 0.334703; 0.334544; 0.334240; 0.335457; 0.336436; 0.335241; 0.334192; 0.335605; 0.338883; 0.340847; 0.343283; 0.347235; 0.350579; 0.352706; 0.357016; 0.358964; 0.359591; 0.359666; 0.360040; 0.361057; 0.359740; 0.359465; 0.357138; 0.354656; 0.353600; 0.352093; 0.349705; 0.349115; 0.348839; 0.346440; 0.344183; 0.344474; 0.343856; 0.343104; 0.343454; 0.346683; 0.348571; 0.349474; 0.349918; 0.350374; 0.350758; 0.351466; 0.350844; 0.350244; 0.350637; 0.351747; 0.352450; 0.354290; 0.354587; 0.357705; (); (); (); (); (); (); (); (); (); (); (); (); (); (); (); (); (); (); (); (); (); (); (); (); (); (); (); (); (); (); (); 
38144.9; 07:46:18; (); (); (); (); (); (); (); (); (); (); (); (); (); (); (); (); (); (); (); (); (); (); (); (); (); (); (); (); (); (); (); (); (); (); (); (); (); (); (); (); (); 0.343220; 0.342817; 0.342364; 0.341654; 0.341474; 0.341186; 0.341197; 0.341366; 0.340771; 0.339311; 0.336876; 0.334051; 0.332241; 0.332954; 0.333466; 0.334813; 0.334261; 0.334412; 0.334740; 0.334834; 0.334513; 0.333966; 0.332556; 0.332884; 0.335740; 0.340444; 0.344532; 0.345449; 0.346421; 0.347473; 0.347014; 0.348370; 0.349670; 0.351896; 0.353831; 0.355470; 0.355941; 0.358363; 0.359140; 0.358189; 0.356191; 0.353668; 0.350309; 0.348463; 0.346899; 0.346793; 0.347549; 0.346893; 0.345739; 0.345355; 0.344940; 0.344987; 0.343059; 0.344196; 0.346180; 0.347375; 0.348217; 0.352351; 0.352775; 0.353672; 0.353583; 0.352839; 0.352986; 0.352346; 0.352218; 0.352857; 0.353893; (); (); (); (); (); (); (); (); (); (); (); (); (); (); (); (); (); (); (); (); (); (); (); (); (); (); (); (); (); (); (); (); 
38145.9; 07:46:23; (); (); (); (); (); (); (); (); (); (); (); (); (); (); (); (); (); (); (); (); (); (); (); (); (); (); (); (); (); (); (); (); (); (); (); (); (); (); (); (); (); 0.347159; 0.344983; 0.344189; 0.344538; 0.344358; 0.343894; 0.342272; 0.341397; 0.340247; 0.339057; 0.337257; 0.336256; 0.335388; 0.334295; 0.333477; 0.333864; 0.333091; 0.331786; 0.331419; 0.331754; 0.331643; 0.334020; 0.334968; 0.334000; 0.333285; 0.334093; 0.335723; 0.337458; 0.340432; 0.343782; 0.346393; 0.349697; 0.353441; 0.356159; 0.357258; 0.357626; 0.357169; 0.359363; 0.359725; 0.359418; 0.359263; 0.358179; 0.356178; 0.355051; 0.353658; 0.352058; 0.350867; 0.348583; 0.346463; 0.346246; 0.346834; 0.346567; 0.345320; 0.348378; 0.350074; 0.350479; 0.350918; 0.352934; 0.353927; 0.354959; 0.355120; 0.355103; 0.356049; 0.356365; 0.356412; 0.357241; 0.358197; 0.356267; (); (); (); (); (); (); (); (); (); (); (); (); (); (); (); (); (); (); (); (); (); (); (); (); (); (); (); (); (); (); (); 
38146.9; 07:46:28; (); (); (); (); (); (); (); (); (); (); (); (); (); (); (); (); (); (); (); (); (); (); (); (); (); (); (); (); (); (); (); (); (); (); (); (); (); (); (); (); (); 0.339848; 0.338812; 0.338276; 0.338070; 0.338432; 0.338627; 0.339145; 0.339296; 0.339069; 0.338184; 0.335832; 0.332314; 0.331841; 0.332798; 0.334161; 0.336323; 0.336266; 0.336467; 0.336327; 0.335687; 0.334880; 0.334339; 0.333754; 0.334808; 0.337965; 0.342113; 0.346467; 0.347169; 0.347642; 0.347398; 0.346217; 0.347795; 0.349408; 0.351631; 0.354610; 0.356591; 0.356693; 0.357698; 0.356971; 0.354628; 0.352381; 0.350829; 0.348046; 0.347488; 0.347147; 0.347097; 0.347671; 0.346377; 0.344568; 0.342931; 0.341864; 0.341941; 0.340270; 0.341907; 0.345016; 0.348426; 0.350431; 0.354154; 0.353489; 0.353026; 0.351924; 0.351499; 0.352219; 0.352394; 0.353320; 0.354615; 0.356194; 0.358816; (); (); (); (); (); (); (); (); (); (); (); (); (); (); (); (); (); (); (); (); (); (); (); (); (); (); (); (); (); (); (); 
38147.8; 07:46:34; (); (); (); (); (); (); (); (); (); (); (); (); (); (); (); (); (); (); (); (); (); (); (); (); (); (); (); (); (); (); (); (); (); (); (); (); (); (); (); (); (); 0.348581; 0.347073; 0.346921; 0.346838; 0.345917; 0.344918; 0.342948; 0.342204; 0.342053; 0.341038; 0.338358; 0.336296; 0.335729; 0.334336; 0.333575; 0.334515; 0.333638; 0.331716; 0.331447; 0.332052; 0.332541; 0.335014; 0.335895; 0.334381; 0.333379; 0.334328; 0.336277; 0.338166; 0.341130; 0.343902; 0.346323; 0.349837; 0.352953; 0.355456; 0.357557; 0.357585; 0.356656; 0.358724; 0.359466; 0.359286; 0.359182; 0.358140; 0.356061; 0.354835; 0.353187; 0.351620; 0.350879; 0.348742; 0.346364; 0.345734; 0.346357; 0.346503; 0.345466; 0.348443; 0.349972; 0.350308; 0.350911; 0.353105; 0.353492; 0.354567; 0.355259; 0.355331; 0.356270; 0.356723; 0.356707; 0.357334; 0.358499; 0.357516; (); (); (); (); (); (); (); (); (); (); (); (); (); (); (); (); (); (); (); (); (); (); (); (); (); (); (); (); (); (); (); 
38148.8; 07:46:39; (); (); (); (); (); (); (); (); (); (); (); (); (); (); (); (); (); (); (); (); (); (); (); (); (); (); (); (); (); (); (); (); (); (); (); (); (); (); (); (); (); 0.341770; 0.340994; 0.340725; 0.340064; 0.339936; 0.339881; 0.339996; 0.339908; 0.339758; 0.339292; 0.336838; 0.334295; 0.333689; 0.333131; 0.333629; 0.335258; 0.334124; 0.334602; 0.335284; 0.335365; 0.334770; 0.334317; 0.332962; 0.333218; 0.335570; 0.339215; 0.343046; 0.344272; 0.346221; 0.347356; 0.347467; 0.349734; 0.351042; 0.352629; 0.354194; 0.355831; 0.356195; 0.358980; 0.359280; 0.357904; 0.356092; 0.355019; 0.351280; 0.348551; 0.346822; 0.345861; 0.345427; 0.344053; 0.343551; 0.343514; 0.343813; 0.345077; 0.343498; 0.344414; 0.346936; 0.348836; 0.349290; 0.353129; 0.353739; 0.354331; 0.354565; 0.354910; 0.355657; 0.354991; 0.354929; 0.354512; 0.354060; 0.357516; (); (); (); (); (); (); (); (); (); (); (); (); (); (); (); (); (); (); (); (); (); (); (); (); (); (); (); (); (); (); (); 
38149.8; 07:46:44; (); (); (); (); (); (); (); (); (); (); (); (); (); (); (); (); (); (); (); (); (); (); (); (); (); (); (); (); (); (); (); (); (); (); (); (); (); (); (); (); (); 0.342268; 0.341986; 0.341050; 0.338726; 0.338450; 0.337811; 0.337329; 0.337569; 0.337111; 0.333975; 0.332856; 0.331169; 0.328760; 0.328065; 0.328235; 0.328585; 0.327694; 0.328426; 0.330450; 0.331462; 0.333003; 0.334276; 0.334812; 0.335904; 0.336655; 0.338138; 0.341774; 0.344691; 0.346883; 0.348898; 0.349526; 0.350566; 0.350388; 0.349945; 0.349740; 0.349761; 0.349390; 0.348960; 0.349023; 0.350124; 0.349740; 0.347866; 0.344022; 0.340876; 0.340234; 0.341047; 0.343407; 0.345535; 0.346830; 0.347021; 0.346606; 0.347040; 0.347146; 0.347763; 0.349344; 0.350185; 0.350657; 0.353196; 0.355315; 0.354897; 0.353242; 0.351799; 0.350409; 0.349016; 0.349008; 0.349145; 0.349264; 0.349761; (); (); (); (); (); (); (); (); (); (); (); (); (); (); (); (); (); (); (); (); (); (); (); (); (); (); (); (); (); (); (); 
38150.8; 07:46:50; (); (); (); (); (); (); (); (); (); (); (); (); (); (); (); (); (); (); (); (); (); (); (); (); (); (); (); (); (); (); (); (); (); (); (); (); (); (); (); (); (); 0.344600; 0.342807; 0.342544; 0.341610; 0.342028; 0.341694; 0.340860; 0.339559; 0.337310; 0.336179; 0.336740; 0.337389; 0.335824; 0.335427; 0.336215; 0.334778; 0.333289; 0.332557; 0.332562; 0.331270; 0.331984; 0.332656; 0.333442; 0.335956; 0.336485; 0.336877; 0.337314; 0.337343; 0.338937; 0.343535; 0.347616; 0.350378; 0.353454; 0.355671; 0.356493; 0.356485; 0.356193; 0.354687; 0.352838; 0.352844; 0.350928; 0.351364; 0.351957; 0.350655; 0.349031; 0.349838; 0.350007; 0.348769; 0.347948; 0.348189; 0.346807; 0.348094; 0.348809; 0.349693; 0.351651; 0.354571; 0.355960; 0.357204; 0.358484; 0.358492; 0.356526; 0.355786; 0.356127; 0.356798; 0.358239; 0.361625; 0.362859; 0.363787; (); (); (); (); (); (); (); (); (); (); (); (); (); (); (); (); (); (); (); (); (); (); (); (); (); (); (); (); (); (); (); 
38151.7; 07:46:55; (); (); (); (); (); (); (); (); (); (); (); (); (); (); (); (); (); (); (); (); (); (); (); (); (); (); (); (); (); (); (); (); (); (); (); (); (); (); (); (); (); 0.344850; 0.342485; 0.341547; 0.341673; 0.342246; 0.342718; 0.341083; 0.339878; 0.340348; 0.340240; 0.338800; 0.337800; 0.336402; 0.334935; 0.334616; 0.335245; 0.335404; 0.334282; 0.334621; 0.334687; 0.334645; 0.337160; 0.337979; 0.336703; 0.335873; 0.336799; 0.338977; 0.340548; 0.343476; 0.346805; 0.349766; 0.352801; 0.356681; 0.358410; 0.359673; 0.359506; 0.358686; 0.359586; 0.358646; 0.357996; 0.357192; 0.355380; 0.354008; 0.353018; 0.350975; 0.349828; 0.349107; 0.346336; 0.342668; 0.342686; 0.342978; 0.342619; 0.342737; 0.346698; 0.348254; 0.349020; 0.350057; 0.351871; 0.351636; 0.352088; 0.352378; 0.352252; 0.353003; 0.354851; 0.355217; 0.356944; 0.357745; 0.363787; (); (); (); (); (); (); (); (); (); (); (); (); (); (); (); (); (); (); (); (); (); (); (); (); (); (); (); (); (); (); (); 
38152.7; 07:47:00; (); (); (); (); (); (); (); (); (); (); (); (); (); (); (); (); (); (); (); (); (); (); (); (); (); (); (); (); (); (); (); (); (); (); (); (); (); (); (); (); (); 0.338604; 0.338687; 0.338503; 0.338321; 0.338949; 0.339080; 0.339614; 0.340073; 0.339767; 0.339233; 0.336896; 0.332954; 0.331722; 0.332998; 0.334410; 0.335899; 0.335220; 0.335579; 0.335638; 0.334797; 0.333896; 0.333187; 0.332268; 0.333257; 0.337038; 0.341371; 0.345758; 0.347438; 0.348174; 0.348123; 0.347463; 0.348499; 0.349114; 0.351436; 0.354210; 0.356155; 0.355976; 0.357031; 0.356445; 0.354450; 0.352062; 0.349708; 0.346223; 0.344432; 0.343223; 0.342317; 0.343060; 0.343390; 0.341841; 0.340131; 0.339863; 0.340923; 0.339136; 0.341090; 0.343863; 0.345313; 0.346869; 0.351168; 0.351867; 0.352334; 0.352623; 0.352315; 0.352061; 0.352111; 0.352633; 0.352935; 0.353302; 0.355950; (); (); (); (); (); (); (); (); (); (); (); (); (); (); (); (); (); (); (); (); (); (); (); (); (); (); (); (); (); (); (); 
38153.7; 07:47:06; (); (); (); (); (); (); (); (); (); (); (); (); (); (); (); (); (); (); (); (); (); (); (); (); (); (); (); (); (); (); (); (); (); (); (); (); (); (); (); (); (); 0.348948; 0.346708; 0.346430; 0.346010; 0.344763; 0.343075; 0.341933; 0.341575; 0.340769; 0.338014; 0.334761; 0.331616; 0.331566; 0.331439; 0.330397; 0.331729; 0.330640; 0.329030; 0.328952; 0.329897; 0.331407; 0.333247; 0.334165; 0.333940; 0.333539; 0.334352; 0.337279; 0.339100; 0.341273; 0.343903; 0.345011; 0.347936; 0.349559; 0.350666; 0.351642; 0.351656; 0.350394; 0.350287; 0.350811; 0.351721; 0.352512; 0.351286; 0.348218; 0.346100; 0.345263; 0.344820; 0.344963; 0.345002; 0.344928; 0.344784; 0.345032; 0.345954; 0.346170; 0.347820; 0.350103; 0.350613; 0.351190; 0.353954; 0.354806; 0.354622; 0.354320; 0.354321; 0.354137; 0.353578; 0.354089; 0.354633; 0.354534; 0.353096; (); (); (); (); (); (); (); (); (); (); (); (); (); (); (); (); (); (); (); (); (); (); (); (); (); (); (); (); (); (); (); 
38154.7; 07:47:11; (); (); (); (); (); (); (); (); (); (); (); (); (); (); (); (); (); (); (); (); (); (); (); (); (); (); (); (); (); (); (); (); (); (); (); (); (); (); (); (); (); 0.339813; 0.339065; 0.339427; 0.339547; 0.339828; 0.339572; 0.338203; 0.335768; 0.335016; 0.335376; 0.336876; 0.337935; 0.336168; 0.336210; 0.336587; 0.335625; 0.333291; 0.331959; 0.331731; 0.331218; 0.332277; 0.334438; 0.335092; 0.334696; 0.333946; 0.333955; 0.334342; 0.335540; 0.338079; 0.342941; 0.347242; 0.351839; 0.355636; 0.357262; 0.358336; 0.357858; 0.357944; 0.359098; 0.359226; 0.359471; 0.358434; 0.358687; 0.358966; 0.357578; 0.356166; 0.355747; 0.355113; 0.354488; 0.354502; 0.354850; 0.354263; 0.354077; 0.353631; 0.352868; 0.354989; 0.355987; 0.356738; 0.357754; 0.357971; 0.356608; 0.355274; 0.354308; 0.353741; 0.352977; 0.353388; 0.355564; 0.356331; 0.356808; (); (); (); (); (); (); (); (); (); (); (); (); (); (); (); (); (); (); (); (); (); (); (); (); (); (); (); (); (); (); (); 
38155.6; 07:47:16; (); (); (); (); (); (); (); (); (); (); (); (); (); (); (); (); (); (); (); (); (); (); (); (); (); (); (); (); (); (); (); (); (); (); (); (); (); (); (); (); (); 0.342944; 0.342048; 0.340564; 0.338258; 0.337986; 0.337173; 0.337043; 0.337409; 0.336959; 0.335232; 0.335198; 0.332932; 0.329403; 0.327611; 0.327515; 0.327794; 0.328028; 0.329416; 0.332088; 0.333422; 0.335472; 0.335882; 0.335372; 0.335579; 0.336035; 0.337948; 0.341855; 0.345828; 0.349161; 0.351182; 0.351421; 0.351349; 0.350582; 0.349688; 0.349121; 0.349137; 0.349760; 0.349698; 0.350036; 0.351147; 0.350383; 0.348379; 0.344576; 0.340510; 0.339214; 0.340799; 0.343924; 0.345815; 0.347137; 0.347701; 0.347460; 0.347746; 0.347651; 0.347518; 0.348424; 0.349279; 0.349819; 0.352949; 0.355915; 0.355667; 0.353585; 0.351696; 0.350606; 0.349692; 0.349115; 0.349075; 0.349075; 0.350330; (); (); (); (); (); (); (); (); (); (); (); (); (); (); (); (); (); (); (); (); (); (); (); (); (); (); (); (); (); (); (); 
38156.6; 07:47:22; (); (); (); (); (); (); (); (); (); (); (); (); (); (); (); (); (); (); (); (); (); (); (); (); (); (); (); (); (); (); (); (); (); (); (); (); (); (); (); (); (); 0.339830; 0.339427; 0.338991; 0.338387; 0.338539; 0.338513; 0.338925; 0.339664; 0.339815; 0.338853; 0.336289; 0.332915; 0.331693; 0.332057; 0.333229; 0.335535; 0.335367; 0.335932; 0.336208; 0.335579; 0.334747; 0.334110; 0.332466; 0.333391; 0.336758; 0.340766; 0.344735; 0.346365; 0.347481; 0.347569; 0.346620; 0.347795; 0.349028; 0.351407; 0.354471; 0.356361; 0.356022; 0.357989; 0.357030; 0.354807; 0.352359; 0.350604; 0.347443; 0.347339; 0.346296; 0.345708; 0.346051; 0.345146; 0.342966; 0.340927; 0.339474; 0.339666; 0.337398; 0.338640; 0.342378; 0.346201; 0.349001; 0.352826; 0.351466; 0.351157; 0.350973; 0.350802; 0.351148; 0.351984; 0.353684; 0.355524; 0.357251; 0.359475; (); (); (); (); (); (); (); (); (); (); (); (); (); (); (); (); (); (); (); (); (); (); (); (); (); (); (); (); (); (); (); 
38157.6; 07:47:27; (); (); (); (); (); (); (); (); (); (); (); (); (); (); (); (); (); (); (); (); (); (); (); (); (); (); (); (); (); (); (); (); (); (); (); (); (); (); (); (); (); 0.349180; 0.347715; 0.346941; 0.345746; 0.344541; 0.343000; 0.341969; 0.341711; 0.340779; 0.338375; 0.336573; 0.333930; 0.331855; 0.331607; 0.330746; 0.331883; 0.330993; 0.329771; 0.330550; 0.331928; 0.333447; 0.334954; 0.335463; 0.335272; 0.335271; 0.336189; 0.339372; 0.342047; 0.344591; 0.346758; 0.347239; 0.349219; 0.350977; 0.351617; 0.352220; 0.352205; 0.351141; 0.351209; 0.351804; 0.352354; 0.352687; 0.351298; 0.348338; 0.345610; 0.344600; 0.344259; 0.344692; 0.344866; 0.345000; 0.344945; 0.345399; 0.346323; 0.346545; 0.348592; 0.350727; 0.351399; 0.352138; 0.354682; 0.355768; 0.355516; 0.354670; 0.354339; 0.353957; 0.353563; 0.353687; 0.353940; 0.353855; 0.351819; (); (); (); (); (); (); (); (); (); (); (); (); (); (); (); (); (); (); (); (); (); (); (); (); (); (); (); (); (); (); (); 
38158.6; 07:47:32; (); (); (); (); (); (); (); (); (); (); (); (); (); (); (); (); (); (); (); (); (); (); (); (); (); (); (); (); (); (); (); (); (); (); (); (); (); (); (); (); (); 0.340738; 0.340555; 0.340398; 0.340521; 0.340750; 0.340277; 0.338525; 0.336600; 0.336386; 0.336533; 0.337074; 0.337743; 0.336281; 0.335600; 0.334820; 0.333411; 0.332081; 0.331339; 0.331546; 0.332334; 0.334134; 0.335708; 0.335238; 0.333457; 0.332609; 0.333512; 0.336295; 0.339149; 0.342074; 0.346151; 0.350549; 0.354096; 0.357642; 0.359409; 0.358890; 0.358120; 0.358382; 0.361482; 0.362792; 0.362962; 0.361060; 0.359629; 0.358931; 0.357510; 0.355370; 0.354855; 0.354664; 0.354374; 0.352871; 0.353801; 0.354135; 0.353630; 0.352565; 0.352377; 0.353975; 0.354765; 0.355709; 0.356635; 0.355833; 0.354358; 0.353052; 0.351357; 0.350531; 0.350182; 0.349831; 0.350578; 0.350420; 0.350331; (); (); (); (); (); (); (); (); (); (); (); (); (); (); (); (); (); (); (); (); (); (); (); (); (); (); (); (); (); (); (); 
38159.6; 07:47:38; (); (); (); (); (); (); (); (); (); (); (); (); (); (); (); (); (); (); (); (); (); (); (); (); (); (); (); (); (); (); (); (); (); (); (); (); (); (); (); (); (); 0.343827; 0.343755; 0.342258; 0.339399; 0.338773; 0.338065; 0.337947; 0.338436; 0.338456; 0.336565; 0.336210; 0.334241; 0.330849; 0.329573; 0.329396; 0.328736; 0.328365; 0.329042; 0.331905; 0.333459; 0.335130; 0.335526; 0.335314; 0.334785; 0.334880; 0.336269; 0.339942; 0.344519; 0.346904; 0.349048; 0.349456; 0.349517; 0.348676; 0.347952; 0.347676; 0.348020; 0.348079; 0.347923; 0.348381; 0.349972; 0.349779; 0.348323; 0.345112; 0.341304; 0.340380; 0.342257; 0.346177; 0.348442; 0.349631; 0.350086; 0.349546; 0.349486; 0.348895; 0.349161; 0.349918; 0.351103; 0.351277; 0.354058; 0.355682; 0.355157; 0.352904; 0.350470; 0.348884; 0.347681; 0.347006; 0.347061; 0.348187; 0.349497; (); (); (); (); (); (); (); (); (); (); (); (); (); (); (); (); (); (); (); (); (); (); (); (); (); (); (); (); (); (); (); 
38160.5; 07:47:43; (); (); (); (); (); (); (); (); (); (); (); (); (); (); (); (); (); (); (); (); (); (); (); (); (); (); (); (); (); (); (); (); (); (); (); (); (); (); (); (); (); 0.346645; 0.345628; 0.345008; 0.344329; 0.345176; 0.345273; 0.343917; 0.342847; 0.340145; 0.337577; 0.337849; 0.336723; 0.334310; 0.334106; 0.335315; 0.334679; 0.333858; 0.333664; 0.332947; 0.330839; 0.331312; 0.332028; 0.332771; 0.335411; 0.337433; 0.339174; 0.341728; 0.343558; 0.344696; 0.346564; 0.348851; 0.349959; 0.351423; 0.353498; 0.354987; 0.355530; 0.355509; 0.353844; 0.351856; 0.350776; 0.348413; 0.346507; 0.343458; 0.342156; 0.341838; 0.342140; 0.343156; 0.342372; 0.340919; 0.340091; 0.340345; 0.342488; 0.343763; 0.345481; 0.346568; 0.346450; 0.348639; 0.352228; 0.354376; 0.354706; 0.353976; 0.352958; 0.353625; 0.355246; 0.356750; 0.356786; 0.356050; 0.349497; (); (); (); (); (); (); (); (); (); (); (); (); (); (); (); (); (); (); (); (); (); (); (); (); (); (); (); (); (); (); (); 
38161.5; 07:47:48; (); (); (); (); (); (); (); (); (); (); (); (); (); (); (); (); (); (); (); (); (); (); (); (); (); (); (); (); (); (); (); (); (); (); (); (); (); (); (); (); (); 0.347032; 0.344424; 0.344476; 0.344171; 0.343366; 0.343255; 0.342111; 0.341411; 0.340941; 0.339756; 0.337605; 0.335892; 0.334857; 0.333119; 0.332046; 0.333369; 0.333729; 0.332500; 0.332302; 0.333267; 0.333502; 0.335273; 0.335420; 0.334387; 0.333881; 0.334984; 0.336859; 0.338718; 0.341916; 0.344896; 0.347222; 0.350231; 0.353243; 0.355743; 0.357505; 0.357629; 0.357407; 0.359517; 0.359183; 0.358734; 0.358444; 0.357006; 0.355262; 0.354741; 0.353100; 0.351701; 0.351227; 0.348976; 0.345768; 0.345025; 0.345548; 0.345383; 0.344494; 0.347921; 0.349821; 0.350400; 0.351664; 0.353760; 0.354270; 0.354884; 0.355121; 0.355104; 0.356237; 0.357421; 0.357799; 0.358822; 0.360015; 0.357553; (); (); (); (); (); (); (); (); (); (); (); (); (); (); (); (); (); (); (); (); (); (); (); (); (); (); (); (); (); (); (); 
