Roll Number; 2
Recipe Name; FP 4577_360 GSM
Start Time; 2017-11-20; 07:26:41
File Name; D:\Mahlo\TR\171120072641FP 4577_360 GSM2_XMF2.txt

37930.2; 07:26:50; (); (); (); (); (); (); (); (); (); (); (); (); (); (); (); (); (); (); (); (); (); (); (); (); 0.505877; 0.507899; 0.512237; 0.515585; 0.518596; 0.521291; 0.523505; 0.525226; 0.526767; 0.528907; 0.531569; 0.534102; 0.536495; 0.538850; 0.540577; 0.542625; 0.543378; 0.542837; 0.541856; 0.540361; 0.538359; 0.536245; 0.534250; 0.531989; 0.529277; 0.526325; 0.523688; 0.521621; 0.520030; 0.519034; 0.518276; 0.517787; 0.517465; 0.517498; 0.518252; 0.519400; 0.520467; 0.522243; 0.524129; 0.526381; 0.529099; 0.531674; 0.533670; 0.535131; 0.536187; (); (); (); (); (); (); (); (); (); (); (); (); (); (); (); (); (); (); (); (); (); (); (); (); (); (); (); (); (); (); (); (); (); (); (); (); (); (); (); (); (); (); (); (); (); (); (); (); (); (); (); (); (); (); (); (); (); (); (); (); (); (); (); (); (); (); (); (); (); (); (); 
37931.6; 07:26:55; (); (); (); (); (); (); (); (); (); (); (); (); (); (); (); (); 0.499196; 0.501636; 0.503845; 0.506133; 0.508323; 0.510287; 0.512265; 0.516740; 0.520502; 0.522996; 0.525064; 0.526765; 0.527869; 0.529063; 0.530447; 0.532524; 0.534548; 0.536046; 0.537322; 0.538593; 0.539365; 0.539971; 0.540774; 0.542059; 0.543296; 0.543196; 0.542930; 0.542439; 0.541401; 0.539657; 0.537403; 0.534825; 0.532019; 0.528630; 0.525970; 0.524059; 0.522084; 0.520318; 0.518400; 0.516644; 0.515806; 0.515586; 0.516057; 0.516365; 0.516917; 0.517783; 0.518855; 0.519757; 0.520748; 0.521890; 0.522565; 0.522679; 0.522513; 0.522232; (); (); (); (); (); (); (); (); (); (); (); (); (); (); (); (); (); (); (); (); (); (); (); (); (); (); (); (); (); (); (); (); (); (); (); (); (); (); (); (); (); (); (); (); (); (); (); (); (); (); (); (); (); (); (); (); (); (); (); (); (); (); (); (); (); (); (); (); (); (); 
37932.6; 07:27:01; (); (); (); (); (); (); (); (); (); (); (); (); (); (); (); (); 0.493396; 0.495642; 0.498188; 0.500449; 0.503054; 0.504460; 0.506242; 0.509257; 0.515748; 0.519371; 0.520890; 0.523598; 0.525171; 0.527589; 0.530454; 0.533392; 0.535364; 0.536110; 0.537049; 0.537133; 0.538038; 0.538815; 0.538806; 0.538631; 0.538759; 0.538886; 0.538762; 0.538678; 0.538573; 0.538148; 0.537562; 0.536534; 0.535694; 0.535297; 0.535063; 0.534777; 0.534659; 0.534847; 0.534943; 0.534212; 0.533166; 0.531683; 0.530247; 0.528386; 0.526828; 0.525902; 0.525321; 0.524848; 0.524403; 0.523922; 0.523289; 0.522355; 0.521180; 0.520138; 0.519163; 0.518302; 0.517967; 0.517848; 0.517464; 0.515881; 0.512155; 0.509739; 0.508855; 0.507599; 0.506109; 0.504177; 0.501671; 0.499984; (); (); (); (); (); (); (); (); (); (); (); (); (); (); (); (); (); (); (); (); (); (); (); (); (); (); (); (); (); (); (); (); (); (); (); (); (); (); (); (); (); (); (); (); (); (); (); (); (); (); (); (); (); (); (); (); 
37933.6; 07:27:06; (); (); (); (); (); (); (); (); (); (); (); (); (); (); (); 0.533266; 0.533774; 0.534013; 0.533502; 0.532844; 0.532199; 0.531635; 0.532847; 0.535048; 0.535116; 0.534370; 0.533996; 0.534145; 0.534769; 0.535776; 0.536893; 0.538052; 0.539058; 0.540104; 0.541012; 0.541729; 0.542070; 0.542242; 0.540850; 0.539373; 0.538312; 0.537766; 0.537355; 0.536676; 0.536009; 0.534891; 0.533609; 0.532127; 0.530484; 0.529001; 0.528265; 0.527207; 0.526711; 0.527074; 0.527196; 0.526782; 0.525211; 0.522940; 0.520259; 0.517571; 0.515500; 0.513621; 0.512716; 0.512045; 0.511609; 0.511371; 0.510860; 0.510532; 0.509733; 0.508905; 0.507274; 0.506200; 0.505753; 0.504625; 0.503804; 0.498685; 0.496230; 0.495405; 0.494330; 0.493030; 0.490646; 0.488000; 0.484948; 0.499984; (); (); (); (); (); (); (); (); (); (); (); (); (); (); (); (); (); (); (); (); (); (); (); (); (); (); (); (); (); (); (); (); (); (); (); (); (); (); (); (); (); (); (); (); (); (); (); (); (); (); (); (); (); (); (); (); 
37934.6; 07:27:11; (); (); (); (); (); (); (); (); (); (); (); (); (); (); (); 0.508146; 0.509624; 0.511065; 0.513006; 0.514390; 0.516001; 0.517129; 0.517892; 0.521689; 0.527090; 0.529072; 0.528342; 0.528676; 0.529582; 0.530904; 0.533034; 0.534950; 0.536740; 0.537585; 0.538590; 0.539694; 0.540420; 0.541286; 0.541513; 0.541973; 0.542120; 0.542491; 0.542354; 0.541769; 0.541465; 0.541110; 0.540411; 0.539192; 0.538289; 0.537322; 0.536271; 0.535369; 0.534992; 0.535241; 0.535741; 0.536353; 0.537161; 0.537848; 0.538317; 0.538533; 0.538808; 0.539416; 0.540536; 0.541642; 0.542462; 0.543704; 0.545174; 0.546510; 0.547172; 0.547171; 0.546859; 0.546127; 0.545109; 0.543686; 0.541768; 0.537847; 0.533353; 0.532357; 0.531376; 0.530160; 0.527922; 0.524556; 0.520766; (); (); (); (); (); (); (); (); (); (); (); (); (); (); (); (); (); (); (); (); (); (); (); (); (); (); (); (); (); (); (); (); (); (); (); (); (); (); (); (); (); (); (); (); (); (); (); (); (); (); (); (); (); (); (); (); (); 
37935.5; 07:27:17; (); (); (); (); (); (); (); (); (); (); (); (); (); (); (); 0.498253; 0.498216; 0.499470; 0.501299; 0.503076; 0.504337; 0.505469; 0.507629; 0.509781; 0.511143; 0.512800; 0.514738; 0.517563; 0.520642; 0.523770; 0.527903; 0.531127; 0.533605; 0.535952; 0.538087; 0.540124; 0.542202; 0.543935; 0.545800; 0.547448; 0.549339; 0.551332; 0.553213; 0.554656; 0.554889; 0.554112; 0.553055; 0.551606; 0.549779; 0.547968; 0.546504; 0.545028; 0.543586; 0.542272; 0.540546; 0.538628; 0.537133; 0.535473; 0.534545; 0.533994; 0.534333; 0.535312; 0.536809; 0.538694; 0.540947; 0.543384; 0.545624; 0.548299; 0.550866; 0.552354; 0.553747; 0.553769; 0.554243; 0.553787; 0.551603; 0.544628; 0.542475; 0.541875; 0.540496; 0.538627; 0.535855; 0.531953; 0.527231; (); (); (); (); (); (); (); (); (); (); (); (); (); (); (); (); (); (); (); (); (); (); (); (); (); (); (); (); (); (); (); (); (); (); (); (); (); (); (); (); (); (); (); (); (); (); (); (); (); (); (); (); (); (); (); (); (); 
37936.5; 07:27:22; (); (); (); (); (); (); (); (); (); (); (); (); (); (); (); 0.478620; 0.478995; 0.478292; 0.478320; 0.478382; 0.478185; 0.478320; 0.478751; 0.482351; 0.483677; 0.482953; 0.481484; 0.479934; 0.479346; 0.478495; 0.478981; 0.478960; 0.479335; 0.480353; 0.481857; 0.484247; 0.486503; 0.488439; 0.490639; 0.493797; 0.497323; 0.500281; 0.503498; 0.506973; 0.510581; 0.513555; 0.516207; 0.518648; 0.520518; 0.521165; 0.521462; 0.521887; 0.522127; 0.522142; 0.521792; 0.520949; 0.520126; 0.519376; 0.517975; 0.516212; 0.515150; 0.514332; 0.513560; 0.512512; 0.511600; 0.511079; 0.510718; 0.510275; 0.509563; 0.508438; 0.507172; 0.505489; 0.503899; 0.502501; 0.501015; 0.498208; 0.492980; 0.491141; 0.490317; 0.488992; 0.487286; 0.484702; 0.480636; 0.478099; (); (); (); (); (); (); (); (); (); (); (); (); (); (); (); (); (); (); (); (); (); (); (); (); (); (); (); (); (); (); (); (); (); (); (); (); (); (); (); (); (); (); (); (); (); (); (); (); (); (); (); (); (); (); (); (); 
37937.5; 07:27:27; (); (); (); (); (); (); (); (); (); (); (); (); (); (); (); 0.504867; 0.505888; 0.506674; 0.507110; 0.507493; 0.507739; 0.507906; 0.509379; 0.510376; 0.510562; 0.510469; 0.509933; 0.508945; 0.508068; 0.508048; 0.509152; 0.510447; 0.511690; 0.513600; 0.515958; 0.518004; 0.520070; 0.522465; 0.525152; 0.528282; 0.531590; 0.535060; 0.539230; 0.542515; 0.544296; 0.544930; 0.544998; 0.544413; 0.543160; 0.541145; 0.539165; 0.537365; 0.535335; 0.533129; 0.529956; 0.526784; 0.523803; 0.520875; 0.517737; 0.514897; 0.513516; 0.512102; 0.511851; 0.511616; 0.511865; 0.512784; 0.512772; 0.513935; 0.514785; 0.514568; 0.514380; 0.513090; 0.512556; 0.511084; 0.508664; 0.503485; 0.501403; 0.500236; 0.498629; 0.497022; 0.493786; 0.491029; 0.485960; 0.478099; (); (); (); (); (); (); (); (); (); (); (); (); (); (); (); (); (); (); (); (); (); (); (); (); (); (); (); (); (); (); (); (); (); (); (); (); (); (); (); (); (); (); (); (); (); (); (); (); (); (); (); (); (); (); (); (); 
37938.5; 07:27:33; (); (); (); (); (); (); (); (); (); (); (); (); (); (); (); 0.472146; 0.474338; 0.476267; 0.477969; 0.479585; 0.482102; 0.485463; 0.488538; 0.494950; 0.500330; 0.504243; 0.507554; 0.511191; 0.514951; 0.517185; 0.519618; 0.521302; 0.522828; 0.524386; 0.525270; 0.525164; 0.523072; 0.520496; 0.517455; 0.514967; 0.512236; 0.510048; 0.508681; 0.507380; 0.506658; 0.506175; 0.505722; 0.505166; 0.504249; 0.503355; 0.502674; 0.502247; 0.502216; 0.502522; 0.503317; 0.504393; 0.505098; 0.504581; 0.503603; 0.503056; 0.503268; 0.503958; 0.505282; 0.507289; 0.509748; 0.512400; 0.514686; 0.516872; 0.519879; 0.522367; 0.524256; 0.527194; 0.531555; 0.535105; 0.536848; 0.538643; 0.540516; 0.540160; 0.539052; 0.536902; 0.532756; 0.528061; 0.522549; 0.512754; 0.495375; 0.472637; 0.453026; 0.444827; 0.435349; 0.424373; 0.411282; 0.393457; (); (); (); (); (); (); (); (); (); (); (); (); (); (); (); (); (); (); (); (); (); (); (); (); (); (); (); (); (); (); (); (); (); (); (); (); (); (); (); (); (); (); (); (); (); (); (); (); 
37939.6; 07:27:39; (); (); (); (); (); (); (); (); (); (); (); (); (); (); (); (); (); (); (); (); (); (); 0.525073; 0.527437; 0.530189; 0.531801; 0.532893; 0.534000; 0.534883; 0.538124; 0.543013; 0.545129; 0.545142; 0.543770; 0.541914; 0.540540; 0.539024; 0.536963; 0.534634; 0.532232; 0.530559; 0.529639; 0.529311; 0.529124; 0.529202; 0.529703; 0.530434; 0.531764; 0.534235; 0.536258; 0.537373; 0.538706; 0.540041; 0.541343; 0.542272; 0.542102; 0.541383; 0.539843; 0.538171; 0.536119; 0.533972; 0.531616; 0.529370; 0.527549; 0.525609; 0.524224; 0.523822; 0.523824; 0.524343; 0.525577; 0.527129; 0.528737; 0.530317; 0.531766; 0.532703; 0.532522; 0.532756; 0.534104; 0.535111; 0.535730; 0.535624; 0.533654; 0.524575; 0.509410; 0.485391; 0.472573; 0.467403; 0.461362; 0.454919; 0.447579; 0.438798; 0.427328; 0.417445; (); (); (); (); (); (); (); (); (); (); (); (); (); (); (); (); (); (); (); (); (); (); (); (); (); (); (); (); (); (); (); (); (); (); (); (); (); (); (); (); (); (); (); (); (); (); (); 
37940.6; 07:27:44; (); (); (); (); (); (); (); (); (); (); (); (); (); (); (); (); (); (); (); (); (); (); 0.438155; 0.443638; 0.449372; 0.454736; 0.458483; 0.461731; 0.464319; 0.465940; 0.470927; 0.478118; 0.482370; 0.483078; 0.484143; 0.485723; 0.486353; 0.485966; 0.483263; 0.480111; 0.477255; 0.475792; 0.475186; 0.475185; 0.476226; 0.478034; 0.480872; 0.483302; 0.486451; 0.490388; 0.493640; 0.495722; 0.497623; 0.499195; 0.499971; 0.500798; 0.500584; 0.500262; 0.500305; 0.500371; 0.500652; 0.501025; 0.501424; 0.501918; 0.502697; 0.504647; 0.507944; 0.511939; 0.516866; 0.522276; 0.524961; 0.527378; 0.528949; 0.529037; 0.527901; 0.525719; 0.522977; 0.519143; 0.513942; 0.507861; 0.501809; 0.497580; 0.493761; 0.487873; 0.482513; 0.480024; 0.477299; 0.475022; 0.472771; 0.470735; 0.469572; (); (); (); (); (); (); (); (); (); (); (); (); (); (); (); (); (); (); (); (); (); (); (); (); (); (); (); (); (); (); (); (); (); (); (); (); (); (); (); (); (); (); (); (); (); (); (); (); (); 
37941.6; 07:27:50; (); (); (); (); (); (); (); (); (); (); (); (); (); (); (); (); (); (); (); (); (); (); 0.505457; 0.506348; 0.508158; 0.509373; 0.510227; 0.511322; 0.512034; 0.514068; 0.517159; 0.518248; 0.518341; 0.518843; 0.519922; 0.521455; 0.523077; 0.524732; 0.525925; 0.526688; 0.527697; 0.528825; 0.529879; 0.531526; 0.533076; 0.534533; 0.536254; 0.538113; 0.539628; 0.540987; 0.542200; 0.542632; 0.542459; 0.541832; 0.540989; 0.539700; 0.538237; 0.536794; 0.535405; 0.534186; 0.532503; 0.530408; 0.527954; 0.525164; 0.522336; 0.519930; 0.518366; 0.516939; 0.516480; 0.516652; 0.516955; 0.517490; 0.517764; 0.518012; 0.518000; 0.517990; 0.518031; 0.517406; 0.517098; 0.515652; 0.514775; 0.513955; 0.509674; 0.503919; 0.502021; 0.500567; 0.498610; 0.496467; 0.493982; 0.490396; 0.487200; (); (); (); (); (); (); (); (); (); (); (); (); (); (); (); (); (); (); (); (); (); (); (); (); (); (); (); (); (); (); (); (); (); (); (); (); (); (); (); (); (); (); (); (); (); (); (); (); (); 
37942.6; 07:27:55; (); (); (); (); (); (); (); (); (); (); (); (); (); (); (); (); (); (); (); (); (); (); 0.463813; 0.467145; 0.471079; 0.474970; 0.477585; 0.480423; 0.482995; 0.485098; 0.490563; 0.500183; 0.506730; 0.508681; 0.509664; 0.510388; 0.510634; 0.511419; 0.511190; 0.511333; 0.510632; 0.510099; 0.509825; 0.509951; 0.510283; 0.510229; 0.510031; 0.509670; 0.509662; 0.509821; 0.510171; 0.511470; 0.513020; 0.514311; 0.515196; 0.515915; 0.516756; 0.517062; 0.517078; 0.516942; 0.517042; 0.517478; 0.517916; 0.518013; 0.517525; 0.516554; 0.515638; 0.514788; 0.513895; 0.513446; 0.513292; 0.513152; 0.512522; 0.511651; 0.510440; 0.508278; 0.505087; 0.501574; 0.497873; 0.493758; 0.490154; 0.486331; 0.481386; 0.476967; 0.473009; 0.469858; 0.466309; 0.462612; 0.459135; 0.454715; 0.450404; (); (); (); (); (); (); (); (); (); (); (); (); (); (); (); (); (); (); (); (); (); (); (); (); (); (); (); (); (); (); (); (); (); (); (); (); (); (); (); (); (); (); (); (); (); (); (); (); (); 
37943.6; 07:28:01; (); (); (); (); (); (); (); (); (); (); (); (); (); (); (); (); (); (); (); (); (); (); (); 0.490257; 0.491231; 0.493075; 0.494649; 0.495587; 0.496776; 0.497956; 0.499914; 0.503002; 0.505503; 0.508050; 0.511963; 0.515857; 0.519108; 0.522325; 0.525060; 0.527363; 0.529610; 0.531437; 0.533430; 0.535322; 0.537076; 0.538207; 0.538950; 0.538832; 0.538096; 0.537232; 0.536500; 0.535475; 0.534360; 0.532565; 0.530637; 0.528136; 0.525982; 0.524072; 0.522344; 0.521194; 0.520391; 0.519624; 0.519064; 0.517877; 0.516242; 0.514533; 0.513513; 0.512353; 0.512445; 0.512470; 0.513032; 0.513895; 0.513681; 0.513030; 0.511214; 0.508529; 0.505746; 0.501908; 0.498251; 0.493593; 0.490221; 0.486257; 0.481442; 0.474815; 0.472035; 0.469136; 0.464865; 0.460538; 0.456637; 0.452595; 0.449357; (); (); (); (); (); (); (); (); (); (); (); (); (); (); (); (); (); (); (); (); (); (); (); (); (); (); (); (); (); (); (); (); (); (); (); (); (); (); (); (); (); (); (); (); (); (); (); (); (); 
37944.6; 07:28:06; (); (); (); (); (); (); (); (); (); (); (); (); (); (); (); (); (); (); (); (); (); (); (); 0.459142; 0.461092; 0.462953; 0.465633; 0.467875; 0.470268; 0.472847; 0.474883; 0.481485; 0.486748; 0.490408; 0.492969; 0.497165; 0.501447; 0.504689; 0.508293; 0.510220; 0.512830; 0.514183; 0.515834; 0.517647; 0.518500; 0.519350; 0.519774; 0.520638; 0.521059; 0.521418; 0.521812; 0.521864; 0.522677; 0.523678; 0.525118; 0.526560; 0.527848; 0.528925; 0.529848; 0.531232; 0.532853; 0.534261; 0.535359; 0.536275; 0.536894; 0.537409; 0.538315; 0.539322; 0.540661; 0.542090; 0.543399; 0.544672; 0.545905; 0.546932; 0.547509; 0.547677; 0.547330; 0.546964; 0.546387; 0.545441; 0.543961; 0.541465; 0.538565; 0.534690; 0.530124; 0.528261; 0.526215; 0.523910; 0.521357; 0.517916; 0.514785; (); (); (); (); (); (); (); (); (); (); (); (); (); (); (); (); (); (); (); (); (); (); (); (); (); (); (); (); (); (); (); (); (); (); (); (); (); (); (); (); (); (); (); (); (); (); (); (); (); 
37945.6; 07:28:11; (); (); (); (); (); (); (); (); (); (); (); (); (); (); (); (); (); (); (); (); (); (); (); 0.486611; 0.488816; 0.491006; 0.492597; 0.494199; 0.495609; 0.496623; 0.499481; 0.503761; 0.505597; 0.506776; 0.507677; 0.508260; 0.508206; 0.508635; 0.510334; 0.512473; 0.514031; 0.515197; 0.516457; 0.518143; 0.520186; 0.521762; 0.523015; 0.524311; 0.525797; 0.528114; 0.530310; 0.532679; 0.533292; 0.531905; 0.530152; 0.528213; 0.525973; 0.523318; 0.521138; 0.518660; 0.516228; 0.514090; 0.512795; 0.512056; 0.511141; 0.510313; 0.510395; 0.511056; 0.512899; 0.515571; 0.518683; 0.522444; 0.525416; 0.529172; 0.533046; 0.536280; 0.538838; 0.540310; 0.541540; 0.541330; 0.541365; 0.540321; 0.537310; 0.532885; 0.531440; 0.530529; 0.528878; 0.527532; 0.524829; 0.521186; 0.518349; (); (); (); (); (); (); (); (); (); (); (); (); (); (); (); (); (); (); (); (); (); (); (); (); (); (); (); (); (); (); (); (); (); (); (); (); (); (); (); (); (); (); (); (); (); (); (); (); (); 
37946.6; 07:28:17; (); (); (); (); (); (); (); (); (); (); (); (); (); (); (); (); (); (); (); (); (); (); (); 0.428154; 0.433561; 0.439133; 0.444667; 0.449469; 0.453594; 0.456814; 0.460927; 0.472649; 0.482577; 0.488334; 0.493291; 0.498609; 0.503464; 0.507139; 0.510962; 0.513189; 0.514825; 0.515802; 0.516361; 0.516661; 0.516985; 0.516803; 0.516397; 0.515739; 0.515102; 0.514343; 0.514110; 0.513965; 0.514425; 0.515029; 0.515815; 0.517071; 0.518289; 0.519376; 0.520415; 0.521679; 0.523236; 0.524800; 0.526828; 0.529030; 0.530917; 0.532032; 0.533052; 0.534538; 0.535889; 0.536753; 0.537578; 0.538665; 0.539587; 0.540041; 0.540361; 0.540570; 0.540521; 0.540225; 0.539549; 0.538430; 0.536772; 0.534796; 0.532079; 0.529042; 0.526560; 0.524781; 0.523715; 0.522510; 0.521135; 0.519360; 0.517378; 0.515100; (); (); (); (); (); (); (); (); (); (); (); (); (); (); (); (); (); (); (); (); (); (); (); (); (); (); (); (); (); (); (); (); (); (); (); (); (); (); (); (); (); (); (); (); (); (); (); (); 
37947.5; 07:28:22; (); (); (); (); (); (); (); (); (); (); (); (); (); (); (); (); (); (); (); (); (); (); (); (); (); (); (); 0.471619; 0.476967; 0.481772; 0.485552; 0.489125; 0.493097; 0.496197; 0.502220; 0.511901; 0.517588; 0.520986; 0.523669; 0.526466; 0.528670; 0.529814; 0.530519; 0.531448; 0.531761; 0.531686; 0.531190; 0.530127; 0.529262; 0.528655; 0.528859; 0.529126; 0.528247; 0.527477; 0.527275; 0.527497; 0.527878; 0.528323; 0.528423; 0.528630; 0.528016; 0.526600; 0.525123; 0.524066; 0.523002; 0.522513; 0.522159; 0.522169; 0.521614; 0.520744; 0.520121; 0.518769; 0.517465; 0.516475; 0.516124; 0.516677; 0.517272; 0.518421; 0.518382; 0.518539; 0.517224; 0.516276; 0.514478; 0.512558; 0.511548; 0.510777; 0.510401; 0.509856; 0.509420; 0.509164; 0.508309; 0.508249; (); (); (); (); (); (); (); (); (); (); (); (); (); (); (); (); (); (); (); (); (); (); (); (); (); (); (); (); (); (); (); (); (); (); (); (); (); (); (); (); (); (); (); (); (); (); (); (); 
37948.5; 07:28:27; (); (); (); (); (); (); (); (); (); (); (); (); (); (); (); (); (); (); (); (); (); (); (); (); (); (); (); 0.436523; 0.445949; 0.454278; 0.462628; 0.469370; 0.476842; 0.483910; 0.489011; 0.504447; 0.522191; 0.534355; 0.539545; 0.541407; 0.543483; 0.544933; 0.546125; 0.546249; 0.547715; 0.547306; 0.546407; 0.544622; 0.541656; 0.539314; 0.536656; 0.534905; 0.534253; 0.533663; 0.533187; 0.532359; 0.532306; 0.531834; 0.530565; 0.528146; 0.526388; 0.525268; 0.524644; 0.524365; 0.524642; 0.525129; 0.526212; 0.527964; 0.529866; 0.531411; 0.532973; 0.535213; 0.538004; 0.541361; 0.544494; 0.547329; 0.550243; 0.553029; 0.555384; 0.556584; 0.557540; 0.558279; 0.558263; 0.557234; 0.555425; 0.553654; 0.551798; 0.549013; 0.546052; 0.545183; 0.544276; 0.543130; 0.541433; 0.538973; 0.536766; (); (); (); (); (); (); (); (); (); (); (); (); (); (); (); (); (); (); (); (); (); (); (); (); (); (); (); (); (); (); (); (); (); (); (); (); (); (); (); (); (); (); (); (); (); 
37949.5; 07:28:33; (); (); (); (); (); (); (); (); (); (); (); (); (); (); (); (); (); (); (); (); (); (); (); (); (); (); 0.492913; 0.494391; 0.495997; 0.497110; 0.498318; 0.499987; 0.501583; 0.505525; 0.509716; 0.512807; 0.515666; 0.519226; 0.523022; 0.527148; 0.530889; 0.534186; 0.536860; 0.539449; 0.541910; 0.543795; 0.545533; 0.546958; 0.547732; 0.548059; 0.547913; 0.547966; 0.547684; 0.547671; 0.547787; 0.548209; 0.548776; 0.549031; 0.549000; 0.548660; 0.548225; 0.547926; 0.547724; 0.547604; 0.547461; 0.547243; 0.547137; 0.546769; 0.546340; 0.545403; 0.544663; 0.543625; 0.543114; 0.543112; 0.543466; 0.544763; 0.545774; 0.546966; 0.547814; 0.549161; 0.550760; 0.551376; 0.551998; 0.551718; 0.551613; 0.552005; 0.549752; 0.546915; 0.546462; 0.546344; 0.545435; 0.544825; 0.543767; 0.541790; 0.539512; (); (); (); (); (); (); (); (); (); (); (); (); (); (); (); (); (); (); (); (); (); (); (); (); (); (); (); (); (); (); (); (); (); (); (); (); (); (); (); (); (); (); (); (); (); 
37950.5; 07:28:38; (); (); (); (); (); (); (); (); (); (); (); (); (); (); (); (); (); (); (); (); (); (); (); (); (); (); 0.454676; 0.458919; 0.463838; 0.468352; 0.471883; 0.476444; 0.480537; 0.482930; 0.490356; 0.498307; 0.502287; 0.504510; 0.507327; 0.511641; 0.515337; 0.519263; 0.521634; 0.523779; 0.525491; 0.526334; 0.526851; 0.526827; 0.527616; 0.528706; 0.530194; 0.531488; 0.532196; 0.533174; 0.533488; 0.533939; 0.534420; 0.534781; 0.535223; 0.535668; 0.536226; 0.536925; 0.537853; 0.539042; 0.540601; 0.542192; 0.543525; 0.544719; 0.546174; 0.546937; 0.547192; 0.547289; 0.547351; 0.547484; 0.547580; 0.547801; 0.548309; 0.548734; 0.548772; 0.548793; 0.548543; 0.547814; 0.546494; 0.544325; 0.542473; 0.540748; 0.538484; 0.536164; 0.534066; 0.532813; 0.531907; 0.530601; 0.528994; 0.526677; 0.523342; 0.520507; (); (); (); (); (); (); (); (); (); (); (); (); (); (); (); (); (); (); (); (); (); (); (); (); (); (); (); (); (); (); (); (); (); (); (); (); (); (); (); (); (); (); (); (); 
37951.5; 07:28:43; (); (); (); (); (); (); (); (); (); (); (); (); (); (); (); (); (); (); (); (); (); (); (); (); (); (); (); (); (); 0.468352; 0.502722; 0.507804; 0.511739; 0.514544; 0.516654; 0.518346; 0.520442; 0.527715; 0.533026; 0.535126; 0.536212; 0.537610; 0.539030; 0.539857; 0.540168; 0.539830; 0.539049; 0.538160; 0.537220; 0.536246; 0.535421; 0.534803; 0.534810; 0.534829; 0.534796; 0.534803; 0.534998; 0.535566; 0.536114; 0.536717; 0.536631; 0.536069; 0.535907; 0.535513; 0.535319; 0.535153; 0.535168; 0.535049; 0.534722; 0.534494; 0.533896; 0.532815; 0.531648; 0.530644; 0.531182; 0.531738; 0.533663; 0.535032; 0.536663; 0.538337; 0.540115; 0.542068; 0.543436; 0.543862; 0.543544; 0.542303; 0.542324; 0.540224; 0.539739; 0.539506; 0.539276; 0.538707; 0.537885; 0.537156; 0.535031; 0.533120; (); (); (); (); (); (); (); (); (); (); (); (); (); (); (); (); (); (); (); (); (); (); (); (); (); (); (); (); (); (); (); (); (); (); (); (); (); (); (); (); (); (); (); (); 
37952.4; 07:28:49; (); (); (); (); (); (); (); (); (); (); (); (); (); (); (); (); (); (); (); (); (); (); (); (); (); (); (); (); (); (); 0.485468; 0.492043; 0.496971; 0.500718; 0.505069; 0.508148; 0.510672; 0.515229; 0.527730; 0.535268; 0.537436; 0.539361; 0.539945; 0.541134; 0.541156; 0.540285; 0.539565; 0.537906; 0.536194; 0.533601; 0.531747; 0.529657; 0.527515; 0.526162; 0.524567; 0.522873; 0.520411; 0.519108; 0.518840; 0.518957; 0.519397; 0.519785; 0.520235; 0.520765; 0.521349; 0.521892; 0.522657; 0.523929; 0.525210; 0.526479; 0.528269; 0.530385; 0.531571; 0.532238; 0.532798; 0.533474; 0.534347; 0.535402; 0.536232; 0.537231; 0.538052; 0.538439; 0.538626; 0.538638; 0.538304; 0.538009; 0.537643; 0.537186; 0.536417; 0.535496; 0.534347; 0.533221; 0.532508; 0.532207; 0.531927; 0.531767; 0.531426; 0.531038; 0.530677; 0.530158; (); (); (); (); (); (); (); (); (); (); (); (); (); (); (); (); (); (); (); (); (); (); (); (); (); (); (); (); (); (); (); (); (); (); (); (); (); (); (); (); 
37953.4; 07:28:54; (); (); (); (); (); (); (); (); (); (); (); (); (); (); (); (); (); (); (); (); (); (); (); (); (); (); (); (); (); (); (); (); 0.486508; 0.490675; 0.495633; 0.499411; 0.501933; 0.503663; 0.505105; 0.510168; 0.514882; 0.513816; 0.515888; 0.518245; 0.520848; 0.522965; 0.523901; 0.524172; 0.523915; 0.523330; 0.522651; 0.521960; 0.521610; 0.521447; 0.521350; 0.524128; 0.526930; 0.526842; 0.526901; 0.526945; 0.527271; 0.527893; 0.528504; 0.528647; 0.528428; 0.527487; 0.526151; 0.524234; 0.522249; 0.520271; 0.518304; 0.515852; 0.512794; 0.509830; 0.507632; 0.506498; 0.504660; 0.503886; 0.504136; 0.504677; 0.506980; 0.509210; 0.511911; 0.514866; 0.517355; 0.520843; 0.523432; 0.525784; 0.527481; 0.528682; 0.529682; 0.528053; 0.527099; 0.527094; 0.527250; 0.526758; 0.525822; 0.524977; 0.523251; 0.522377; (); (); (); (); (); (); (); (); (); (); (); (); (); (); (); (); (); (); (); (); (); (); (); (); (); (); (); (); (); (); (); (); (); (); (); (); (); (); (); (); 
37954.4; 07:29:00; (); (); (); (); (); (); (); (); (); (); (); (); (); (); (); (); (); (); (); (); (); (); (); (); (); (); (); (); (); (); (); (); 0.463639; 0.467064; 0.470625; 0.474470; 0.477190; 0.480684; 0.483480; 0.486595; 0.495435; 0.501702; 0.506465; 0.508802; 0.511427; 0.513790; 0.514994; 0.517305; 0.518737; 0.519727; 0.519966; 0.519869; 0.519635; 0.519110; 0.518941; 0.518446; 0.518381; 0.518343; 0.518548; 0.519102; 0.519500; 0.520390; 0.520935; 0.521686; 0.522315; 0.522937; 0.523689; 0.524316; 0.524963; 0.525852; 0.526942; 0.527616; 0.527929; 0.527882; 0.527765; 0.527653; 0.527709; 0.528013; 0.528323; 0.528664; 0.529199; 0.529634; 0.530195; 0.530852; 0.531224; 0.531567; 0.531878; 0.532304; 0.532967; 0.533419; 0.533630; 0.533615; 0.533367; 0.532985; 0.532343; 0.531419; 0.530577; 0.529719; 0.529087; 0.528621; 0.528070; 0.527384; 0.526550; 0.524827; 0.522740; (); (); (); (); (); (); (); (); (); (); (); (); (); (); (); (); (); (); (); (); (); (); (); (); (); (); (); (); (); (); (); (); (); (); (); 
37955.5; 07:29:05; (); (); (); (); (); (); (); (); (); (); (); (); (); (); (); (); (); (); (); (); (); (); (); (); (); (); (); (); (); (); (); (); (); (); (); (); 0.512894; 0.514665; 0.517001; 0.518775; 0.519877; 0.521219; 0.522359; 0.525320; 0.530772; 0.533342; 0.533084; 0.532033; 0.530919; 0.529934; 0.528946; 0.528025; 0.527285; 0.526310; 0.525576; 0.524966; 0.523884; 0.522906; 0.522303; 0.521966; 0.522194; 0.522910; 0.523899; 0.524589; 0.524264; 0.522785; 0.521030; 0.518873; 0.516726; 0.514398; 0.512027; 0.510195; 0.508463; 0.506530; 0.504199; 0.501601; 0.498710; 0.496119; 0.494998; 0.495015; 0.496318; 0.497726; 0.499856; 0.501969; 0.504050; 0.506372; 0.508338; 0.510222; 0.511907; 0.514905; 0.518232; 0.521137; 0.524896; 0.526985; 0.528938; 0.529695; 0.529546; 0.529357; 0.529988; 0.530949; 0.531656; 0.532471; 0.532818; 0.532714; 0.533131; (); (); (); (); (); (); (); (); (); (); (); (); (); (); (); (); (); (); (); (); (); (); (); (); (); (); (); (); (); (); (); (); (); (); (); 
37956.5; 07:29:10; (); (); (); (); (); (); (); (); (); (); (); (); (); (); (); (); (); (); (); (); (); (); (); (); (); (); (); (); (); (); (); (); (); (); (); (); 0.449474; 0.454006; 0.460493; 0.466511; 0.471385; 0.476070; 0.479649; 0.483097; 0.490262; 0.499794; 0.505656; 0.509180; 0.512886; 0.516942; 0.520006; 0.522732; 0.522937; 0.523031; 0.521884; 0.520632; 0.519909; 0.519175; 0.519271; 0.518729; 0.518645; 0.518524; 0.518917; 0.519747; 0.520629; 0.521551; 0.522448; 0.523718; 0.525066; 0.526495; 0.528255; 0.529708; 0.530701; 0.531408; 0.532044; 0.532518; 0.532687; 0.532400; 0.532189; 0.532025; 0.531982; 0.532030; 0.532080; 0.531915; 0.531485; 0.531238; 0.531185; 0.530927; 0.530381; 0.529495; 0.528267; 0.527204; 0.526455; 0.525467; 0.524677; 0.523851; 0.523186; 0.522577; 0.522075; 0.521483; 0.519950; 0.518295; 0.517418; (); (); (); (); (); (); (); (); (); (); (); (); (); (); (); (); (); (); (); (); (); (); (); (); (); (); (); (); (); (); (); (); (); (); (); (); (); 
37957.4; 07:29:16; (); (); (); (); (); (); (); (); (); (); (); (); (); (); (); (); (); (); (); (); (); (); (); (); (); (); (); (); (); (); (); (); (); (); (); (); 0.527717; 0.527589; 0.527463; 0.527398; 0.527390; 0.527425; 0.527682; 0.528980; 0.531289; 0.532106; 0.532137; 0.531911; 0.531389; 0.530714; 0.530130; 0.529451; 0.529813; 0.530319; 0.530720; 0.530990; 0.531143; 0.531023; 0.530527; 0.529918; 0.529608; 0.529401; 0.529306; 0.529512; 0.529700; 0.529961; 0.530391; 0.529884; 0.529183; 0.528423; 0.527763; 0.527206; 0.526792; 0.526334; 0.526197; 0.525948; 0.525994; 0.526230; 0.526201; 0.526200; 0.525180; 0.524947; 0.524362; 0.524129; 0.523820; 0.523488; 0.523686; 0.522663; 0.521901; 0.519989; 0.517942; 0.517047; 0.515535; 0.514237; 0.512943; 0.513768; 0.513070; 0.512506; 0.512304; 0.511526; 0.511246; 0.509734; 0.510148; (); (); (); (); (); (); (); (); (); (); (); (); (); (); (); (); (); (); (); (); (); (); (); (); (); (); (); (); (); (); (); (); (); (); (); (); (); 
37958.4; 07:29:21; (); (); (); (); (); (); (); (); (); (); (); (); (); (); (); (); (); (); (); (); (); (); (); (); (); (); (); (); (); (); (); (); (); (); (); (); 0.523872; 0.525138; 0.525367; 0.525505; 0.524306; 0.522809; 0.521080; 0.519011; 0.517851; 0.515488; 0.513826; 0.511025; 0.508762; 0.506420; 0.503764; 0.502108; 0.499393; 0.496855; 0.494645; 0.493588; 0.493544; 0.494100; 0.495450; 0.496868; 0.499009; 0.500599; 0.502292; 0.504010; 0.505785; 0.507621; 0.509379; 0.511757; 0.513960; 0.515943; 0.516879; 0.516658; 0.515951; 0.515000; 0.513899; 0.513009; 0.512374; 0.512020; 0.512026; 0.512102; 0.512322; 0.513070; 0.514341; 0.515353; 0.516673; 0.519348; 0.522488; 0.524672; 0.526314; 0.527795; 0.529052; 0.530041; 0.530842; 0.531044; 0.530332; 0.528459; 0.527668; 0.526289; 0.524994; 0.523532; 0.520962; 0.518274; 0.510148; (); (); (); (); (); (); (); (); (); (); (); (); (); (); (); (); (); (); (); (); (); (); (); (); (); (); (); (); (); (); (); (); (); (); (); (); (); 
37959.3; 07:29:26; (); (); (); (); (); (); (); (); (); (); (); (); (); (); (); (); (); (); (); (); (); (); (); (); (); (); (); (); (); (); (); (); (); (); 0.518347; 0.522088; 0.524941; 0.526669; 0.527854; 0.528438; 0.529111; 0.533675; 0.536401; 0.536612; 0.535219; 0.532776; 0.529672; 0.526864; 0.523724; 0.519531; 0.515640; 0.511306; 0.507112; 0.504415; 0.501833; 0.500409; 0.500531; 0.501117; 0.501040; 0.501226; 0.502007; 0.502164; 0.501857; 0.501047; 0.500418; 0.499835; 0.499665; 0.499868; 0.500854; 0.501586; 0.501149; 0.499513; 0.498412; 0.497733; 0.497178; 0.496804; 0.497395; 0.498809; 0.500993; 0.503557; 0.505766; 0.508504; 0.510589; 0.511761; 0.513237; 0.515173; 0.517216; 0.519421; 0.522244; 0.524326; 0.524236; 0.525069; 0.525295; 0.524446; 0.521552; 0.520858; 0.520825; 0.519943; 0.519298; 0.517620; 0.515378; 0.511929; (); (); (); (); (); (); (); (); (); (); (); (); (); (); (); (); (); (); (); (); (); (); (); (); (); (); (); (); (); (); (); (); (); (); (); (); (); (); 
37960.3; 07:29:32; (); (); (); (); (); (); (); (); (); (); (); (); (); (); (); (); (); (); (); (); (); (); (); (); (); (); (); (); (); (); (); (); (); (); 0.505682; 0.509168; 0.511392; 0.513175; 0.514438; 0.515653; 0.516766; 0.517331; 0.523170; 0.527166; 0.527740; 0.527240; 0.525516; 0.524150; 0.521685; 0.520123; 0.517180; 0.514838; 0.512546; 0.510073; 0.507091; 0.504082; 0.502035; 0.500333; 0.498923; 0.497925; 0.496886; 0.496531; 0.496207; 0.496574; 0.497126; 0.497889; 0.497902; 0.497290; 0.496812; 0.496526; 0.496194; 0.495574; 0.494555; 0.493530; 0.492498; 0.491394; 0.490066; 0.488925; 0.487785; 0.486522; 0.485809; 0.486834; 0.488839; 0.491433; 0.494379; 0.497477; 0.500835; 0.504537; 0.507602; 0.510328; 0.512808; 0.515602; 0.517979; 0.519650; 0.520448; 0.520005; 0.520916; 0.521605; 0.521980; 0.521677; 0.519745; 0.517096; (); (); (); (); (); (); (); (); (); (); (); (); (); (); (); (); (); (); (); (); (); (); (); (); (); (); (); (); (); (); (); (); (); (); (); (); (); (); 
37961.3; 07:29:37; (); (); (); (); (); (); (); (); (); (); (); (); (); (); (); (); (); (); (); (); (); (); (); (); (); (); (); (); (); (); (); (); 0.514866; 0.517217; 0.519469; 0.521159; 0.522555; 0.523772; 0.524939; 0.527961; 0.530547; 0.531626; 0.532305; 0.533195; 0.533923; 0.533746; 0.532649; 0.531297; 0.529545; 0.527241; 0.524722; 0.522176; 0.519724; 0.517924; 0.516667; 0.515857; 0.515000; 0.513899; 0.512089; 0.509827; 0.507248; 0.505018; 0.502763; 0.500772; 0.499617; 0.499109; 0.498433; 0.497322; 0.495641; 0.493956; 0.492125; 0.490068; 0.488687; 0.487495; 0.486965; 0.487321; 0.488313; 0.489903; 0.491283; 0.493402; 0.495600; 0.497763; 0.500307; 0.503439; 0.507114; 0.509950; 0.512852; 0.515350; 0.517761; 0.520526; 0.521555; 0.523788; 0.524518; 0.522369; 0.517717; 0.516038; 0.515176; 0.513509; 0.511527; 0.508412; 0.504995; 0.502684; (); (); (); (); (); (); (); (); (); (); (); (); (); (); (); (); (); (); (); (); (); (); (); (); (); (); (); (); (); (); (); (); (); (); (); (); (); (); 
37962.3; 07:29:43; (); (); (); (); (); (); (); (); (); (); (); (); (); (); (); (); (); (); (); (); (); (); (); (); (); (); (); (); (); (); (); (); 0.492547; 0.496581; 0.499034; 0.502173; 0.504451; 0.506194; 0.508024; 0.509971; 0.516864; 0.521551; 0.524489; 0.525343; 0.525244; 0.524572; 0.523411; 0.521951; 0.519864; 0.518365; 0.516365; 0.514506; 0.511760; 0.508837; 0.506022; 0.503042; 0.501126; 0.499236; 0.497720; 0.496696; 0.495738; 0.495324; 0.495010; 0.495497; 0.496268; 0.497124; 0.497522; 0.497095; 0.496614; 0.496210; 0.495778; 0.494941; 0.493749; 0.492528; 0.491641; 0.490617; 0.489703; 0.488710; 0.487410; 0.486138; 0.485253; 0.486131; 0.487751; 0.489686; 0.492524; 0.495859; 0.499503; 0.502607; 0.505576; 0.508702; 0.511091; 0.513122; 0.515222; 0.516977; 0.517513; 0.516859; 0.517656; 0.518319; 0.518607; 0.517879; 0.516330; 0.514012; (); (); (); (); (); (); (); (); (); (); (); (); (); (); (); (); (); (); (); (); (); (); (); (); (); (); (); (); (); (); (); (); (); (); (); (); (); (); 
37963.3; 07:29:48; (); (); (); (); (); (); (); (); (); (); (); (); (); (); (); (); (); (); (); (); (); (); (); (); (); (); (); (); (); (); (); (); 0.513233; 0.515754; 0.517945; 0.519337; 0.520489; 0.521497; 0.522319; 0.525006; 0.527706; 0.528371; 0.528847; 0.529744; 0.530440; 0.530129; 0.529050; 0.527470; 0.525975; 0.524311; 0.521840; 0.519347; 0.517450; 0.516098; 0.515167; 0.514258; 0.513472; 0.512284; 0.510550; 0.508169; 0.505561; 0.503224; 0.500893; 0.498663; 0.497247; 0.496391; 0.495553; 0.494256; 0.492615; 0.490563; 0.488477; 0.486489; 0.485521; 0.484722; 0.484272; 0.484790; 0.485934; 0.487622; 0.489502; 0.492076; 0.494225; 0.496633; 0.499771; 0.502564; 0.505710; 0.509257; 0.512119; 0.514424; 0.516608; 0.519016; 0.520503; 0.522760; 0.523167; 0.520381; 0.515147; 0.513940; 0.512741; 0.510785; 0.508746; 0.506340; 0.503798; 0.501347; (); (); (); (); (); (); (); (); (); (); (); (); (); (); (); (); (); (); (); (); (); (); (); (); (); (); (); (); (); (); (); (); (); (); (); (); (); (); 
37964.3; 07:29:54; (); (); (); (); (); (); (); (); (); (); (); (); (); (); (); (); (); (); (); (); (); (); (); (); (); (); (); (); (); (); (); (); 0.491502; 0.495158; 0.497549; 0.500565; 0.502582; 0.504544; 0.506242; 0.507227; 0.512873; 0.517993; 0.521310; 0.522213; 0.521881; 0.521609; 0.520334; 0.518961; 0.516900; 0.514950; 0.512983; 0.510917; 0.508739; 0.506019; 0.503267; 0.500478; 0.498606; 0.496899; 0.495905; 0.495190; 0.494321; 0.493898; 0.493600; 0.493902; 0.494504; 0.495417; 0.495429; 0.494796; 0.494469; 0.494203; 0.493614; 0.492782; 0.491849; 0.490663; 0.489813; 0.488816; 0.487838; 0.487195; 0.486413; 0.485610; 0.485096; 0.486121; 0.488452; 0.491079; 0.494115; 0.497296; 0.500649; 0.504363; 0.507854; 0.510870; 0.513311; 0.515154; 0.516917; 0.518784; 0.519318; 0.518805; 0.519768; 0.520422; 0.520762; 0.520393; 0.519023; 0.516603; (); (); (); (); (); (); (); (); (); (); (); (); (); (); (); (); (); (); (); (); (); (); (); (); (); (); (); (); (); (); (); (); (); (); (); (); (); (); 
