Roll Number; 3
Recipe Name; FP 4577_360 GSM
Start Time; 2017-11-20; 07:44:16
File Name; D:\Mahlo\TR\171120074416FP 4577_360 GSM3_XMF2.txt

38123.8; 07:44:27; (); (); (); (); (); (); (); (); (); (); (); (); (); (); (); (); (); (); (); (); (); (); (); (); (); (); (); (); (); (); (); (); (); (); (); (); (); (); (); (); (); (); (); (); (); (); (); (); (); (); (); (); (); 0.471081; 0.470747; 0.470822; 0.470824; 0.470685; 0.470507; 0.470316; 0.470179; 0.470000; 0.469923; 0.470011; 0.470830; 0.472191; 0.473716; 0.475591; 0.477895; 0.479680; 0.480917; 0.481794; 0.482403; 0.482817; 0.483338; 0.483879; 0.484437; 0.485070; 0.485441; 0.485264; 0.484665; 0.483765; 0.482801; 0.481654; 0.480936; 0.480533; 0.480538; 0.481051; 0.481734; 0.482194; 0.482577; 0.483117; 0.483502; 0.483549; 0.483454; 0.483337; (); (); (); (); (); (); (); (); (); (); (); (); (); (); (); (); (); (); (); (); (); (); (); (); (); (); (); (); (); (); (); (); (); (); (); (); (); (); (); (); (); (); (); (); 
38125.6; 07:44:32; (); (); (); (); (); (); (); (); (); (); (); (); (); (); (); (); (); (); (); (); (); (); (); (); (); (); (); (); (); (); (); (); (); (); (); (); (); (); (); (); (); 0.478493; 0.480283; 0.481481; 0.482241; 0.482689; 0.482869; 0.483285; 0.486368; 0.487787; 0.487655; 0.487184; 0.486788; 0.486380; 0.485756; 0.485169; 0.484687; 0.483798; 0.482905; 0.482031; 0.481489; 0.481170; 0.480967; 0.481037; 0.481551; 0.482320; 0.483348; 0.484687; 0.486224; 0.487249; 0.488057; 0.488112; 0.487785; 0.487203; 0.486654; 0.485865; 0.485045; 0.483975; 0.483131; 0.481921; 0.480168; 0.477809; 0.475687; 0.473569; 0.471652; 0.470893; 0.471172; 0.472611; 0.474147; 0.474636; 0.475268; 0.475875; 0.476525; 0.476761; 0.477123; 0.477907; (); (); (); (); (); (); (); (); (); (); (); (); (); (); (); (); (); (); (); (); (); (); (); (); (); (); (); (); (); (); (); (); (); (); (); (); (); (); (); (); (); (); (); (); 
38126.6; 07:44:38; (); (); (); (); (); (); (); (); (); (); (); (); (); (); (); (); (); (); (); (); (); (); (); (); (); (); (); (); (); (); (); (); (); (); (); (); (); (); (); (); (); 0.451486; 0.455737; 0.459452; 0.461655; 0.463968; 0.465446; 0.466811; 0.468618; 0.473040; 0.475496; 0.476432; 0.478772; 0.480145; 0.481494; 0.481641; 0.481687; 0.480876; 0.479622; 0.478758; 0.477684; 0.477276; 0.476553; 0.476327; 0.476104; 0.476229; 0.477305; 0.478128; 0.479767; 0.481025; 0.481966; 0.482768; 0.483298; 0.483865; 0.484157; 0.484362; 0.484844; 0.485302; 0.485890; 0.486152; 0.485864; 0.485155; 0.484488; 0.483747; 0.483167; 0.482843; 0.482776; 0.483026; 0.483615; 0.484320; 0.484894; 0.485375; 0.486264; 0.487056; 0.487575; 0.488186; 0.488827; 0.489084; 0.488521; 0.487127; 0.483465; 0.476125; 0.473760; 0.472746; 0.471402; 0.469521; 0.467050; 0.462533; (); (); (); (); (); (); (); (); (); (); (); (); (); (); (); (); (); (); (); (); (); (); (); (); (); (); (); (); (); (); (); (); 
38127.5; 07:44:43; (); (); (); (); (); (); (); (); (); (); (); (); (); (); (); (); (); (); (); (); (); (); (); (); (); (); (); (); (); (); (); (); (); (); (); (); (); (); (); (); (); 0.469032; 0.471307; 0.472549; 0.473369; 0.473901; 0.474316; 0.474703; 0.478905; 0.482135; 0.481952; 0.481459; 0.481205; 0.480787; 0.480105; 0.479607; 0.479137; 0.478485; 0.477845; 0.477474; 0.477491; 0.477545; 0.477589; 0.477739; 0.478301; 0.479113; 0.480391; 0.481705; 0.483381; 0.484913; 0.485790; 0.486255; 0.486391; 0.486446; 0.486087; 0.484903; 0.483632; 0.482427; 0.481293; 0.480003; 0.478131; 0.476344; 0.474477; 0.472608; 0.471438; 0.471065; 0.471090; 0.471913; 0.473187; 0.475162; 0.478624; 0.482008; 0.484805; 0.486581; 0.487821; 0.488241; 0.487294; 0.486658; 0.484768; 0.481429; 0.473028; 0.468968; 0.467606; 0.465400; 0.461910; 0.456730; 0.451168; 0.444937; 0.440572; (); (); (); (); (); (); (); (); (); (); (); (); (); (); (); (); (); (); (); (); (); (); (); (); (); (); (); (); (); (); (); 
38128.5; 07:44:48; (); (); (); (); (); (); (); (); (); (); (); (); (); (); (); (); (); (); (); (); (); (); (); (); (); (); (); (); (); (); (); (); (); (); (); (); (); (); (); (); (); 0.420213; 0.424879; 0.429567; 0.433849; 0.438671; 0.442198; 0.445212; 0.448308; 0.454668; 0.459826; 0.462020; 0.465798; 0.469656; 0.473929; 0.476797; 0.478598; 0.478832; 0.478107; 0.477474; 0.476114; 0.475225; 0.474515; 0.474203; 0.473907; 0.473719; 0.474364; 0.474915; 0.475964; 0.476658; 0.477463; 0.477971; 0.478316; 0.478457; 0.478789; 0.479255; 0.479913; 0.480515; 0.480921; 0.481214; 0.481379; 0.481251; 0.481105; 0.480896; 0.481033; 0.481503; 0.481914; 0.482449; 0.483592; 0.484533; 0.485354; 0.486124; 0.487313; 0.488328; 0.489144; 0.489803; 0.490254; 0.490673; 0.490827; 0.490649; 0.488976; 0.485499; 0.485145; 0.484880; 0.484740; 0.484456; 0.483513; 0.481165; 0.479137; (); (); (); (); (); (); (); (); (); (); (); (); (); (); (); (); (); (); (); (); (); (); (); (); (); (); (); (); (); (); (); 
38129.5; 07:44:54; (); (); (); (); (); (); (); (); (); (); (); (); (); (); (); (); (); (); (); (); (); (); (); (); (); (); (); (); (); (); (); (); (); (); (); (); (); (); (); (); (); 0.482149; 0.482720; 0.483495; 0.483905; 0.484087; 0.484199; 0.484483; 0.486611; 0.487352; 0.486819; 0.486211; 0.485641; 0.485113; 0.484576; 0.484347; 0.483999; 0.483298; 0.482275; 0.481493; 0.481098; 0.480610; 0.480369; 0.480154; 0.480300; 0.480955; 0.482047; 0.483367; 0.484726; 0.485817; 0.486548; 0.486592; 0.486483; 0.486214; 0.485709; 0.484872; 0.484153; 0.483420; 0.482478; 0.481147; 0.479829; 0.478494; 0.476896; 0.475708; 0.474822; 0.474622; 0.475334; 0.476839; 0.478788; 0.480478; 0.483861; 0.487095; 0.489897; 0.491700; 0.493673; 0.494863; 0.494440; 0.494295; 0.493390; 0.492219; 0.487503; 0.485110; 0.484503; 0.482996; 0.480945; 0.477316; 0.473496; 0.469765; 0.467736; (); (); (); (); (); (); (); (); (); (); (); (); (); (); (); (); (); (); (); (); (); (); (); (); (); (); (); (); (); (); (); 
38130.5; 07:44:59; (); (); (); (); (); (); (); (); (); (); (); (); (); (); (); (); (); (); (); (); (); (); (); (); (); (); (); (); (); (); (); (); (); (); (); (); (); (); (); (); (); 0.424974; 0.429422; 0.433988; 0.438404; 0.442799; 0.446061; 0.448810; 0.452125; 0.458610; 0.463917; 0.466914; 0.471322; 0.474269; 0.476340; 0.477943; 0.479428; 0.480025; 0.479204; 0.478296; 0.477110; 0.476480; 0.475775; 0.475244; 0.475457; 0.475610; 0.476478; 0.477241; 0.478394; 0.479270; 0.479897; 0.480357; 0.480641; 0.480750; 0.480773; 0.481079; 0.481396; 0.481646; 0.481865; 0.481626; 0.481233; 0.480299; 0.479418; 0.478537; 0.478138; 0.478083; 0.478444; 0.479074; 0.480196; 0.481002; 0.481693; 0.482646; 0.483562; 0.484541; 0.485802; 0.486769; 0.487711; 0.488659; 0.489160; 0.489078; 0.488013; 0.485511; 0.485336; 0.485236; 0.485168; 0.484895; 0.484180; 0.482330; 0.467736; (); (); (); (); (); (); (); (); (); (); (); (); (); (); (); (); (); (); (); (); (); (); (); (); (); (); (); (); (); (); (); 
38131.4; 07:45:04; (); (); (); (); (); (); (); (); (); (); (); (); (); (); (); (); (); (); (); (); (); (); (); (); (); (); (); (); (); (); (); (); (); (); (); (); (); (); (); (); (); 0.470505; 0.472914; 0.474582; 0.475423; 0.475949; 0.476421; 0.477769; 0.481454; 0.482899; 0.483061; 0.483046; 0.482994; 0.482939; 0.482883; 0.482678; 0.482044; 0.480998; 0.480057; 0.479326; 0.478721; 0.478203; 0.477657; 0.477360; 0.477308; 0.477642; 0.478210; 0.478985; 0.479791; 0.480341; 0.480665; 0.480774; 0.480541; 0.480150; 0.479629; 0.478928; 0.478312; 0.477744; 0.476980; 0.475871; 0.474535; 0.473253; 0.472049; 0.471059; 0.470462; 0.470839; 0.471638; 0.473738; 0.475988; 0.478578; 0.482238; 0.485716; 0.488472; 0.490565; 0.492962; 0.494447; 0.494173; 0.493991; 0.492343; 0.490671; 0.484512; 0.481125; 0.479983; 0.478139; 0.475487; 0.471053; 0.466738; 0.461499; (); (); (); (); (); (); (); (); (); (); (); (); (); (); (); (); (); (); (); (); (); (); (); (); (); (); (); (); (); (); (); (); 
38132.4; 07:45:10; (); (); (); (); (); (); (); (); (); (); (); (); (); (); (); (); (); (); (); (); (); (); (); (); (); (); (); (); (); (); (); (); (); (); (); (); (); (); (); (); (); 0.427059; 0.431882; 0.436767; 0.441156; 0.445004; 0.447702; 0.450433; 0.454151; 0.459639; 0.464042; 0.466209; 0.470097; 0.472406; 0.475046; 0.476857; 0.477636; 0.477564; 0.476189; 0.474816; 0.473059; 0.471913; 0.470888; 0.469811; 0.469499; 0.469409; 0.470008; 0.470798; 0.471978; 0.472865; 0.473628; 0.474134; 0.474448; 0.474897; 0.475491; 0.476099; 0.476952; 0.477957; 0.478737; 0.479410; 0.479759; 0.479861; 0.479897; 0.479836; 0.480021; 0.480685; 0.481961; 0.483430; 0.484893; 0.486231; 0.487332; 0.488205; 0.489225; 0.490062; 0.490581; 0.491000; 0.491234; 0.491365; 0.491390; 0.490907; 0.489361; 0.486232; 0.484723; 0.484065; 0.483476; 0.482708; 0.481308; 0.478721; (); (); (); (); (); (); (); (); (); (); (); (); (); (); (); (); (); (); (); (); (); (); (); (); (); (); (); (); (); (); (); (); 
38140.1; 07:45:51; (); (); (); (); (); (); (); (); (); (); (); (); (); (); (); (); (); (); (); (); (); (); (); (); (); (); (); (); (); (); (); (); (); (); (); (); (); (); (); (); (); 0.460130; 0.461488; 0.462933; 0.464296; 0.465689; 0.466169; 0.465795; 0.466857; 0.470559; 0.471090; 0.470060; 0.468802; 0.467608; 0.466579; 0.465947; 0.465382; 0.465012; 0.464553; 0.463724; 0.462746; 0.462456; 0.462486; 0.462576; 0.462860; 0.463127; 0.463069; 0.462878; 0.462375; 0.461139; 0.459465; 0.456695; 0.453595; 0.450237; 0.446346; 0.441901; 0.438575; 0.436921; 0.435245; 0.433021; 0.431659; 0.430830; 0.430681; 0.431433; 0.432891; 0.435645; 0.439342; 0.444435; 0.450621; 0.456567; 0.463424; 0.468527; 0.472882; 0.477771; 0.481689; 0.484758; 0.487940; 0.490009; 0.491454; 0.492012; 0.491144; 0.487471; 0.484836; 0.483730; 0.482585; 0.481057; 0.478321; 0.474393; 0.471629; (); (); (); (); (); (); (); (); (); (); (); (); (); (); (); (); (); (); (); (); (); (); (); (); (); (); (); (); (); (); (); 
38141.0; 07:45:56; (); (); (); (); (); (); (); (); (); (); (); (); (); (); (); (); (); (); (); (); (); (); (); (); (); (); (); (); (); (); (); (); (); (); (); (); (); (); (); (); (); 0.459843; 0.462091; 0.463470; 0.464361; 0.465274; 0.466271; 0.467555; 0.472754; 0.475989; 0.477251; 0.477785; 0.478347; 0.478729; 0.479094; 0.479445; 0.480048; 0.480186; 0.480468; 0.480565; 0.480686; 0.480324; 0.480003; 0.479190; 0.478775; 0.478436; 0.478956; 0.479691; 0.480682; 0.481134; 0.481323; 0.481160; 0.480919; 0.480263; 0.479877; 0.479365; 0.479088; 0.478891; 0.478669; 0.477553; 0.476246; 0.474572; 0.473002; 0.471551; 0.470412; 0.469838; 0.469746; 0.470227; 0.471051; 0.471150; 0.472010; 0.472638; 0.474146; 0.475269; 0.476402; 0.476918; 0.477530; 0.477881; 0.477535; 0.477630; 0.474297; 0.471301; 0.470553; 0.469901; 0.469924; 0.468695; 0.467228; 0.464417; 0.463266; (); (); (); (); (); (); (); (); (); (); (); (); (); (); (); (); (); (); (); (); (); (); (); (); (); (); (); (); (); (); (); 
38142.0; 07:46:02; (); (); (); (); (); (); (); (); (); (); (); (); (); (); (); (); (); (); (); (); (); (); (); (); (); (); (); (); (); (); (); (); (); (); (); (); (); (); (); (); (); 0.446562; 0.448569; 0.450989; 0.453016; 0.454801; 0.456197; 0.457476; 0.459692; 0.464661; 0.466795; 0.467104; 0.468457; 0.469011; 0.470698; 0.472057; 0.473266; 0.473552; 0.473157; 0.472826; 0.472082; 0.471915; 0.471436; 0.470991; 0.470475; 0.469900; 0.469733; 0.468928; 0.468636; 0.467941; 0.467502; 0.466576; 0.465018; 0.463394; 0.462152; 0.461140; 0.460776; 0.460827; 0.461116; 0.461239; 0.461409; 0.461656; 0.462166; 0.462672; 0.463400; 0.464706; 0.467089; 0.469851; 0.473423; 0.476848; 0.479637; 0.481642; 0.483867; 0.485955; 0.487654; 0.488711; 0.489629; 0.490297; 0.490709; 0.490781; 0.489572; 0.486138; 0.484818; 0.483962; 0.482852; 0.481414; 0.479467; 0.476091; 0.473677; (); (); (); (); (); (); (); (); (); (); (); (); (); (); (); (); (); (); (); (); (); (); (); (); (); (); (); (); (); (); (); 
38143.0; 07:46:07; (); (); (); (); (); (); (); (); (); (); (); (); (); (); (); (); (); (); (); (); (); (); (); (); (); (); (); (); (); (); (); (); (); (); (); (); (); (); (); (); (); 0.446540; 0.448623; 0.450769; 0.452526; 0.453640; 0.454977; 0.456362; 0.460544; 0.464189; 0.465626; 0.466657; 0.468356; 0.470026; 0.471625; 0.473124; 0.474438; 0.475033; 0.475383; 0.475502; 0.475797; 0.475825; 0.475739; 0.475383; 0.475140; 0.474956; 0.475163; 0.475493; 0.475887; 0.475831; 0.475497; 0.474632; 0.473817; 0.472937; 0.471920; 0.470847; 0.470221; 0.469836; 0.469654; 0.469044; 0.468286; 0.466900; 0.465952; 0.464995; 0.464844; 0.465697; 0.467150; 0.469207; 0.471227; 0.473903; 0.476761; 0.479015; 0.481900; 0.484047; 0.486121; 0.487134; 0.488641; 0.490025; 0.489993; 0.490091; 0.485597; 0.483315; 0.482717; 0.481884; 0.480809; 0.478346; 0.475993; 0.472241; 0.470259; (); (); (); (); (); (); (); (); (); (); (); (); (); (); (); (); (); (); (); (); (); (); (); (); (); (); (); (); (); (); (); 
38143.9; 07:46:12; (); (); (); (); (); (); (); (); (); (); (); (); (); (); (); (); (); (); (); (); (); (); (); (); (); (); (); (); (); (); (); (); (); (); (); (); (); (); (); (); (); 0.443397; 0.444666; 0.446238; 0.448672; 0.451090; 0.452469; 0.453585; 0.454522; 0.458080; 0.459787; 0.461045; 0.462472; 0.463717; 0.465980; 0.467492; 0.468794; 0.469449; 0.469256; 0.469014; 0.468095; 0.468121; 0.467819; 0.467924; 0.467546; 0.467412; 0.467410; 0.466679; 0.466421; 0.466002; 0.465590; 0.464632; 0.463186; 0.461640; 0.460276; 0.459473; 0.458973; 0.459077; 0.459288; 0.459426; 0.459447; 0.459748; 0.460361; 0.460803; 0.461390; 0.462497; 0.464677; 0.467885; 0.471394; 0.474809; 0.477480; 0.479673; 0.481738; 0.483926; 0.485674; 0.486834; 0.487506; 0.487991; 0.488334; 0.488114; 0.486861; 0.484077; 0.483452; 0.482953; 0.482091; 0.480505; 0.478236; 0.474937; 0.470259; (); (); (); (); (); (); (); (); (); (); (); (); (); (); (); (); (); (); (); (); (); (); (); (); (); (); (); (); (); (); (); 
38144.9; 07:46:18; (); (); (); (); (); (); (); (); (); (); (); (); (); (); (); (); (); (); (); (); (); (); (); (); (); (); (); (); (); (); (); (); (); (); (); (); (); (); (); (); (); 0.445442; 0.447868; 0.450317; 0.451869; 0.453315; 0.454844; 0.456503; 0.460945; 0.463893; 0.465475; 0.466602; 0.468073; 0.469733; 0.471719; 0.473463; 0.474745; 0.475434; 0.475821; 0.475995; 0.476399; 0.476440; 0.476306; 0.476067; 0.475790; 0.475676; 0.476040; 0.476426; 0.476824; 0.476897; 0.476554; 0.475859; 0.475334; 0.474520; 0.473633; 0.472543; 0.471721; 0.471103; 0.470799; 0.470169; 0.469418; 0.468011; 0.466653; 0.465694; 0.465246; 0.465910; 0.466784; 0.468321; 0.470616; 0.473173; 0.475893; 0.478121; 0.481386; 0.483720; 0.485542; 0.487194; 0.488587; 0.490271; 0.491189; 0.491658; 0.488404; 0.488060; 0.488030; 0.487394; 0.486583; 0.484908; 0.482667; 0.479948; (); (); (); (); (); (); (); (); (); (); (); (); (); (); (); (); (); (); (); (); (); (); (); (); (); (); (); (); (); (); (); (); 
38145.9; 07:46:23; (); (); (); (); (); (); (); (); (); (); (); (); (); (); (); (); (); (); (); (); (); (); (); (); (); (); (); (); (); (); (); (); (); (); (); (); (); (); (); (); (); 0.442392; 0.444270; 0.445887; 0.448380; 0.450735; 0.452244; 0.453176; 0.454902; 0.459325; 0.461538; 0.461701; 0.463310; 0.464433; 0.466498; 0.467645; 0.469023; 0.469741; 0.469324; 0.469188; 0.468348; 0.468151; 0.468068; 0.468092; 0.467769; 0.467502; 0.467609; 0.466989; 0.466710; 0.466307; 0.466100; 0.465385; 0.464024; 0.462558; 0.461335; 0.460791; 0.460573; 0.460683; 0.460865; 0.461085; 0.461334; 0.461651; 0.462223; 0.462876; 0.463629; 0.464683; 0.466667; 0.469854; 0.472979; 0.475916; 0.478881; 0.481630; 0.483909; 0.485767; 0.487406; 0.488275; 0.488766; 0.489187; 0.489540; 0.489232; 0.487557; 0.483775; 0.481059; 0.480094; 0.478924; 0.477098; 0.474630; 0.471170; 0.468007; (); (); (); (); (); (); (); (); (); (); (); (); (); (); (); (); (); (); (); (); (); (); (); (); (); (); (); (); (); (); (); 
38146.9; 07:46:28; (); (); (); (); (); (); (); (); (); (); (); (); (); (); (); (); (); (); (); (); (); (); (); (); (); (); (); (); (); (); (); (); (); (); (); (); (); (); (); (); (); 0.445013; 0.446861; 0.449331; 0.451305; 0.452569; 0.453928; 0.455769; 0.459953; 0.462976; 0.464430; 0.465392; 0.467092; 0.469030; 0.470820; 0.472543; 0.473887; 0.474484; 0.474864; 0.475124; 0.475492; 0.475516; 0.475349; 0.475096; 0.474973; 0.474730; 0.474985; 0.475445; 0.476051; 0.476161; 0.475945; 0.475385; 0.474698; 0.474006; 0.473170; 0.472195; 0.471468; 0.470920; 0.470674; 0.470014; 0.469272; 0.467958; 0.466706; 0.465505; 0.465287; 0.465959; 0.467218; 0.469282; 0.471127; 0.473870; 0.477023; 0.479226; 0.481843; 0.483928; 0.486473; 0.487467; 0.489007; 0.490461; 0.490904; 0.490991; 0.486559; 0.482465; 0.481752; 0.480828; 0.479295; 0.476486; 0.474539; 0.471134; 0.468855; (); (); (); (); (); (); (); (); (); (); (); (); (); (); (); (); (); (); (); (); (); (); (); (); (); (); (); (); (); (); (); 
38147.8; 07:46:34; (); (); (); (); (); (); (); (); (); (); (); (); (); (); (); (); (); (); (); (); (); (); (); (); (); (); (); (); (); (); (); (); (); (); (); (); (); (); (); (); (); 0.449339; 0.450635; 0.452477; 0.454415; 0.456016; 0.456647; 0.457254; 0.457607; 0.460993; 0.462885; 0.463038; 0.464192; 0.464905; 0.466929; 0.467769; 0.469043; 0.469395; 0.468999; 0.468869; 0.468242; 0.468395; 0.468396; 0.468473; 0.468177; 0.468105; 0.468307; 0.467898; 0.467700; 0.467497; 0.467550; 0.466867; 0.465494; 0.464176; 0.463057; 0.462397; 0.462043; 0.461967; 0.462255; 0.462432; 0.462655; 0.463106; 0.463677; 0.464106; 0.464691; 0.465697; 0.467406; 0.470089; 0.473669; 0.476929; 0.479570; 0.482096; 0.484819; 0.486857; 0.488301; 0.489197; 0.489815; 0.490349; 0.490674; 0.490496; 0.489402; 0.486549; 0.485299; 0.484488; 0.483648; 0.482313; 0.479916; 0.476606; 0.474528; (); (); (); (); (); (); (); (); (); (); (); (); (); (); (); (); (); (); (); (); (); (); (); (); (); (); (); (); (); (); (); 
38148.8; 07:46:39; (); (); (); (); (); (); (); (); (); (); (); (); (); (); (); (); (); (); (); (); (); (); (); (); (); (); (); (); (); (); (); (); (); (); (); (); (); (); (); (); (); 0.446246; 0.447799; 0.449804; 0.451452; 0.452901; 0.454170; 0.455375; 0.458698; 0.461891; 0.463527; 0.464823; 0.466526; 0.468389; 0.470647; 0.472378; 0.474040; 0.474813; 0.475147; 0.475521; 0.476016; 0.476351; 0.476446; 0.476257; 0.476113; 0.475968; 0.476267; 0.476684; 0.477132; 0.477232; 0.477185; 0.476772; 0.476325; 0.475794; 0.474979; 0.474053; 0.473416; 0.472900; 0.472576; 0.471927; 0.471208; 0.469927; 0.468899; 0.468036; 0.467702; 0.468023; 0.469036; 0.470836; 0.473080; 0.475597; 0.478399; 0.480725; 0.483803; 0.486194; 0.488275; 0.489787; 0.491549; 0.492941; 0.493396; 0.493631; 0.490047; 0.489031; 0.488795; 0.488142; 0.487156; 0.485236; 0.483393; 0.480160; 0.474528; (); (); (); (); (); (); (); (); (); (); (); (); (); (); (); (); (); (); (); (); (); (); (); (); (); (); (); (); (); (); (); 
38149.8; 07:46:44; (); (); (); (); (); (); (); (); (); (); (); (); (); (); (); (); (); (); (); (); (); (); (); (); (); (); (); (); (); (); (); (); (); (); (); (); (); (); (); (); (); 0.444976; 0.446469; 0.448407; 0.450661; 0.452589; 0.453454; 0.454057; 0.454395; 0.457287; 0.459025; 0.460461; 0.461837; 0.463278; 0.465259; 0.466168; 0.467876; 0.468344; 0.467994; 0.467751; 0.467213; 0.467502; 0.467738; 0.468051; 0.467755; 0.467672; 0.467838; 0.467423; 0.467245; 0.467069; 0.467075; 0.466337; 0.465106; 0.463782; 0.462659; 0.462035; 0.461734; 0.461770; 0.462027; 0.462389; 0.462852; 0.463245; 0.463863; 0.464280; 0.464918; 0.465861; 0.467577; 0.470677; 0.474216; 0.477519; 0.480058; 0.482446; 0.484658; 0.486507; 0.488181; 0.489077; 0.489582; 0.490038; 0.490290; 0.489935; 0.488470; 0.485420; 0.484222; 0.483357; 0.482060; 0.480351; 0.478298; 0.475304; 0.472794; (); (); (); (); (); (); (); (); (); (); (); (); (); (); (); (); (); (); (); (); (); (); (); (); (); (); (); (); (); (); (); 
38150.8; 07:46:50; (); (); (); (); (); (); (); (); (); (); (); (); (); (); (); (); (); (); (); (); (); (); (); (); (); (); (); (); (); (); (); (); (); (); (); (); (); (); (); (); (); 0.444814; 0.446008; 0.448066; 0.449994; 0.451346; 0.452584; 0.453879; 0.457793; 0.460700; 0.461619; 0.462765; 0.464911; 0.466991; 0.469014; 0.471137; 0.472904; 0.473655; 0.474080; 0.474558; 0.475260; 0.475565; 0.475609; 0.475484; 0.475360; 0.475351; 0.475696; 0.476088; 0.476750; 0.476811; 0.476755; 0.476351; 0.475997; 0.475229; 0.474414; 0.473604; 0.473033; 0.472613; 0.472505; 0.472074; 0.471259; 0.469933; 0.469043; 0.468204; 0.467804; 0.468217; 0.469468; 0.471060; 0.473651; 0.476310; 0.479230; 0.482053; 0.484899; 0.486832; 0.488779; 0.490513; 0.491537; 0.493115; 0.493278; 0.493091; 0.489111; 0.486901; 0.486389; 0.485329; 0.484037; 0.481406; 0.478925; 0.475825; 0.474217; (); (); (); (); (); (); (); (); (); (); (); (); (); (); (); (); (); (); (); (); (); (); (); (); (); (); (); (); (); (); (); 
38151.7; 07:46:55; (); (); (); (); (); (); (); (); (); (); (); (); (); (); (); (); (); (); (); (); (); (); (); (); (); (); (); (); (); (); (); (); (); (); (); (); (); (); (); (); (); 0.443768; 0.445584; 0.447921; 0.450216; 0.452288; 0.453578; 0.454406; 0.455227; 0.459122; 0.460958; 0.461623; 0.462965; 0.463877; 0.465740; 0.467054; 0.468801; 0.469107; 0.468717; 0.468215; 0.467520; 0.467459; 0.467480; 0.467390; 0.467136; 0.466978; 0.466998; 0.466369; 0.465967; 0.465400; 0.465060; 0.464239; 0.462917; 0.461311; 0.460020; 0.459219; 0.458845; 0.458839; 0.459111; 0.459258; 0.459489; 0.459688; 0.460221; 0.460816; 0.461434; 0.462485; 0.464031; 0.466225; 0.470132; 0.473749; 0.476119; 0.478302; 0.480480; 0.482342; 0.483856; 0.484524; 0.484924; 0.485270; 0.485536; 0.485169; 0.483829; 0.481091; 0.479606; 0.478787; 0.477620; 0.475969; 0.473425; 0.469494; 0.474217; (); (); (); (); (); (); (); (); (); (); (); (); (); (); (); (); (); (); (); (); (); (); (); (); (); (); (); (); (); (); (); 
38152.7; 07:47:00; (); (); (); (); (); (); (); (); (); (); (); (); (); (); (); (); (); (); (); (); (); (); (); (); (); (); (); (); (); (); (); (); (); (); (); (); (); (); (); (); (); 0.439664; 0.441232; 0.443357; 0.445066; 0.446287; 0.447617; 0.449013; 0.453078; 0.456215; 0.457613; 0.458821; 0.460518; 0.462178; 0.463945; 0.465938; 0.467661; 0.468289; 0.468831; 0.469277; 0.469837; 0.470008; 0.470069; 0.470016; 0.469945; 0.469918; 0.470394; 0.470898; 0.471690; 0.471882; 0.472088; 0.471684; 0.471144; 0.470586; 0.469812; 0.469053; 0.468518; 0.467889; 0.467696; 0.467170; 0.466787; 0.465377; 0.464278; 0.463233; 0.462887; 0.463229; 0.463975; 0.465759; 0.467985; 0.471162; 0.474317; 0.476703; 0.479804; 0.481543; 0.483857; 0.485130; 0.486001; 0.487211; 0.487308; 0.487326; 0.482818; 0.478788; 0.477822; 0.476235; 0.474885; 0.471814; 0.469280; 0.465905; 0.463360; (); (); (); (); (); (); (); (); (); (); (); (); (); (); (); (); (); (); (); (); (); (); (); (); (); (); (); (); (); (); (); 
38153.7; 07:47:06; (); (); (); (); (); (); (); (); (); (); (); (); (); (); (); (); (); (); (); (); (); (); (); (); (); (); (); (); (); (); (); (); (); (); (); (); (); (); (); (); (); 0.436314; 0.438882; 0.440941; 0.443350; 0.445274; 0.446363; 0.447047; 0.447740; 0.452803; 0.455112; 0.455892; 0.457511; 0.458264; 0.460103; 0.461064; 0.462944; 0.463062; 0.463165; 0.462502; 0.462053; 0.462193; 0.462589; 0.463001; 0.462800; 0.462749; 0.463182; 0.462973; 0.462951; 0.462824; 0.463004; 0.462318; 0.461160; 0.460099; 0.459104; 0.458608; 0.458535; 0.458726; 0.459066; 0.459376; 0.459736; 0.460095; 0.460564; 0.461042; 0.461546; 0.462457; 0.464371; 0.467332; 0.470453; 0.473374; 0.476402; 0.479252; 0.481692; 0.483792; 0.485698; 0.487053; 0.487865; 0.488547; 0.489229; 0.489073; 0.487788; 0.484389; 0.483156; 0.482515; 0.481529; 0.479789; 0.477420; 0.473767; 0.471148; (); (); (); (); (); (); (); (); (); (); (); (); (); (); (); (); (); (); (); (); (); (); (); (); (); (); (); (); (); (); (); 
38154.7; 07:47:11; (); (); (); (); (); (); (); (); (); (); (); (); (); (); (); (); (); (); (); (); (); (); (); (); (); (); (); (); (); (); (); (); (); (); (); (); (); (); (); (); (); 0.443233; 0.444745; 0.446574; 0.448306; 0.449679; 0.451089; 0.452232; 0.456033; 0.459366; 0.460734; 0.461811; 0.463519; 0.465148; 0.467359; 0.469410; 0.471023; 0.471867; 0.472471; 0.472889; 0.473627; 0.473828; 0.474127; 0.474133; 0.474125; 0.474083; 0.474483; 0.475027; 0.475727; 0.476003; 0.475977; 0.475671; 0.475283; 0.474515; 0.473839; 0.472932; 0.472390; 0.471897; 0.471772; 0.471306; 0.470750; 0.469551; 0.468486; 0.467600; 0.467195; 0.467616; 0.468948; 0.471020; 0.473378; 0.476249; 0.479218; 0.481667; 0.484661; 0.486398; 0.488567; 0.490217; 0.491259; 0.492672; 0.493331; 0.493415; 0.489015; 0.486427; 0.485990; 0.484726; 0.483144; 0.480696; 0.478362; 0.475028; 0.473243; (); (); (); (); (); (); (); (); (); (); (); (); (); (); (); (); (); (); (); (); (); (); (); (); (); (); (); (); (); (); (); 
38155.6; 07:47:16; (); (); (); (); (); (); (); (); (); (); (); (); (); (); (); (); (); (); (); (); (); (); (); (); (); (); (); (); (); (); (); (); (); (); (); (); (); (); (); (); (); 0.441590; 0.443821; 0.446279; 0.448213; 0.450512; 0.451238; 0.451837; 0.453447; 0.457656; 0.459632; 0.460253; 0.461797; 0.462577; 0.464525; 0.465572; 0.467001; 0.467331; 0.466885; 0.466647; 0.465951; 0.466206; 0.466594; 0.466974; 0.466938; 0.466951; 0.467300; 0.467296; 0.467555; 0.467441; 0.467486; 0.467146; 0.466178; 0.464969; 0.464062; 0.463791; 0.463812; 0.464009; 0.464446; 0.464723; 0.465189; 0.465358; 0.465616; 0.465821; 0.466387; 0.467366; 0.469155; 0.471489; 0.474385; 0.477458; 0.479820; 0.482005; 0.484435; 0.486282; 0.487544; 0.488306; 0.488834; 0.489151; 0.489414; 0.488960; 0.487311; 0.483553; 0.482118; 0.481380; 0.480195; 0.478679; 0.476672; 0.473118; 0.470180; (); (); (); (); (); (); (); (); (); (); (); (); (); (); (); (); (); (); (); (); (); (); (); (); (); (); (); (); (); (); (); 
38156.6; 07:47:22; (); (); (); (); (); (); (); (); (); (); (); (); (); (); (); (); (); (); (); (); (); (); (); (); (); (); (); (); (); (); (); (); (); (); (); (); (); (); (); (); (); 0.440685; 0.441896; 0.444016; 0.445770; 0.447274; 0.448552; 0.449798; 0.453796; 0.456822; 0.458288; 0.459636; 0.461478; 0.463363; 0.465264; 0.467396; 0.469242; 0.470085; 0.470503; 0.471022; 0.471632; 0.472132; 0.472240; 0.472250; 0.472227; 0.472278; 0.472623; 0.473270; 0.473896; 0.474233; 0.474195; 0.474064; 0.473679; 0.473196; 0.472528; 0.471757; 0.471014; 0.470665; 0.470278; 0.469984; 0.469210; 0.468138; 0.466903; 0.466259; 0.465968; 0.466421; 0.467230; 0.469316; 0.471568; 0.474113; 0.476469; 0.479791; 0.483005; 0.485043; 0.487190; 0.488635; 0.490258; 0.491661; 0.491907; 0.491826; 0.487598; 0.486140; 0.485521; 0.484936; 0.483686; 0.481667; 0.479040; 0.475642; 0.473810; (); (); (); (); (); (); (); (); (); (); (); (); (); (); (); (); (); (); (); (); (); (); (); (); (); (); (); (); (); (); (); 
38157.6; 07:47:27; (); (); (); (); (); (); (); (); (); (); (); (); (); (); (); (); (); (); (); (); (); (); (); (); (); (); (); (); (); (); (); (); (); (); (); (); (); (); (); (); (); 0.445095; 0.447119; 0.449246; 0.451351; 0.452915; 0.453395; 0.453673; 0.454692; 0.458672; 0.460107; 0.460291; 0.461059; 0.461567; 0.462998; 0.463898; 0.465041; 0.464968; 0.464707; 0.464081; 0.463453; 0.463611; 0.463921; 0.464180; 0.464021; 0.464068; 0.464591; 0.464939; 0.465033; 0.464805; 0.464893; 0.464725; 0.463887; 0.462543; 0.461566; 0.461158; 0.461392; 0.461609; 0.462050; 0.462419; 0.462813; 0.462828; 0.463062; 0.463587; 0.464488; 0.465519; 0.467308; 0.469900; 0.472960; 0.475767; 0.478150; 0.480618; 0.482817; 0.484496; 0.485842; 0.486495; 0.486877; 0.486950; 0.487107; 0.486686; 0.485270; 0.481217; 0.478571; 0.477456; 0.476015; 0.474279; 0.472092; 0.468124; 0.464827; (); (); (); (); (); (); (); (); (); (); (); (); (); (); (); (); (); (); (); (); (); (); (); (); (); (); (); (); (); (); (); 
38158.6; 07:47:32; (); (); (); (); (); (); (); (); (); (); (); (); (); (); (); (); (); (); (); (); (); (); (); (); (); (); (); (); (); (); (); (); (); (); (); (); (); (); (); (); (); 0.435354; 0.436928; 0.438975; 0.440807; 0.442173; 0.443623; 0.445377; 0.450425; 0.453190; 0.454749; 0.455898; 0.457530; 0.459392; 0.461356; 0.463247; 0.465051; 0.465971; 0.466551; 0.467113; 0.467731; 0.468068; 0.468307; 0.468384; 0.468529; 0.468583; 0.469205; 0.469818; 0.470475; 0.470642; 0.470839; 0.470718; 0.470432; 0.470019; 0.469470; 0.468933; 0.468601; 0.468402; 0.468360; 0.467999; 0.467527; 0.466360; 0.465543; 0.464879; 0.464718; 0.465108; 0.466270; 0.468469; 0.470624; 0.473174; 0.476259; 0.479064; 0.482281; 0.484311; 0.486462; 0.487962; 0.489035; 0.489906; 0.490023; 0.490302; 0.485857; 0.483309; 0.482827; 0.481465; 0.479822; 0.477280; 0.474892; 0.470543; 0.468445; (); (); (); (); (); (); (); (); (); (); (); (); (); (); (); (); (); (); (); (); (); (); (); (); (); (); (); (); (); (); (); 
38159.6; 07:47:38; (); (); (); (); (); (); (); (); (); (); (); (); (); (); (); (); (); (); (); (); (); (); (); (); (); (); (); (); (); (); (); (); (); (); (); (); (); (); (); (); (); 0.442679; 0.444686; 0.446992; 0.448686; 0.449835; 0.449975; 0.450198; 0.450700; 0.454808; 0.456673; 0.456743; 0.457696; 0.458290; 0.459834; 0.460492; 0.461127; 0.461142; 0.460458; 0.460198; 0.459904; 0.460697; 0.461158; 0.461414; 0.461325; 0.461574; 0.462260; 0.462709; 0.463058; 0.463104; 0.463399; 0.463225; 0.462312; 0.461263; 0.460397; 0.460119; 0.460185; 0.460471; 0.460995; 0.461501; 0.462005; 0.462108; 0.462118; 0.462420; 0.463115; 0.463906; 0.465701; 0.468479; 0.471220; 0.473853; 0.476190; 0.478232; 0.480511; 0.482496; 0.483528; 0.484045; 0.484480; 0.484687; 0.484709; 0.484242; 0.482978; 0.479924; 0.478738; 0.477954; 0.476931; 0.475593; 0.473101; 0.469616; 0.467420; (); (); (); (); (); (); (); (); (); (); (); (); (); (); (); (); (); (); (); (); (); (); (); (); (); (); (); (); (); (); (); 
38160.5; 07:47:43; (); (); (); (); (); (); (); (); (); (); (); (); (); (); (); (); (); (); (); (); (); (); (); (); (); (); (); (); (); (); (); (); (); (); (); (); (); (); (); (); (); 0.440502; 0.441431; 0.443200; 0.444600; 0.445485; 0.446469; 0.447554; 0.450491; 0.453181; 0.454665; 0.455560; 0.456907; 0.458743; 0.460512; 0.462169; 0.463741; 0.464683; 0.465400; 0.466046; 0.466720; 0.467282; 0.467739; 0.467962; 0.468138; 0.468337; 0.469059; 0.469966; 0.470701; 0.471055; 0.471087; 0.470864; 0.470536; 0.470017; 0.469325; 0.468613; 0.467896; 0.467552; 0.467280; 0.466745; 0.465968; 0.464741; 0.463315; 0.462649; 0.462140; 0.462470; 0.463310; 0.465353; 0.467992; 0.470228; 0.473103; 0.476049; 0.478898; 0.481521; 0.483388; 0.484720; 0.485498; 0.486993; 0.487180; 0.487612; 0.484348; 0.483346; 0.482790; 0.481819; 0.480881; 0.478578; 0.475817; 0.472627; 0.467420; (); (); (); (); (); (); (); (); (); (); (); (); (); (); (); (); (); (); (); (); (); (); (); (); (); (); (); (); (); (); (); 
38161.5; 07:47:48; (); (); (); (); (); (); (); (); (); (); (); (); (); (); (); (); (); (); (); (); (); (); (); (); (); (); (); (); (); (); (); (); (); (); (); (); (); (); (); (); (); 0.447389; 0.449278; 0.450839; 0.452503; 0.453522; 0.453812; 0.454021; 0.454160; 0.457594; 0.459143; 0.459651; 0.459650; 0.460405; 0.461822; 0.462433; 0.463453; 0.463325; 0.463014; 0.462492; 0.462197; 0.462530; 0.462745; 0.463028; 0.462853; 0.463030; 0.463500; 0.464131; 0.464509; 0.464677; 0.464823; 0.464448; 0.463441; 0.462565; 0.461857; 0.461661; 0.461935; 0.462439; 0.463109; 0.463558; 0.464022; 0.464213; 0.464260; 0.464555; 0.465029; 0.465977; 0.467600; 0.470108; 0.473246; 0.476144; 0.478437; 0.480441; 0.482626; 0.484103; 0.485224; 0.485880; 0.486257; 0.486446; 0.486595; 0.486234; 0.484648; 0.480982; 0.479137; 0.478237; 0.477140; 0.475345; 0.472601; 0.469255; 0.466528; (); (); (); (); (); (); (); (); (); (); (); (); (); (); (); (); (); (); (); (); (); (); (); (); (); (); (); (); (); (); (); 
