Roll Number; 0
Recipe Name; FP 4577_360 GSM
Start Time; 2017-11-20; 07:57:03
File Name; D:\Mahlo\TR\171120075703FP 4577_360 GSM0_FMI2.txt

-0.3; 08:00:59; (); (); (); (); (); (); (); (); (); (); (); (); (); (); (); (); (); (); (); (); (); (); (); (); (); (); (); (); (); (); (); (); (); (); (); (); (); (); (); (); (); 264.800727; 264.772356; 264.441699; 263.674557; 263.049453; 262.877852; 262.761027; 262.422204; 261.856169; 261.298895; 260.997176; 260.885477; 260.631353; 260.296971; 259.988070; 259.485304; 259.210140; 259.429336; 259.681523; 259.817570; 259.170055; 258.547217; 258.430392; 258.091211; 257.813811; 257.303536; 257.063240; 257.005125; 256.629884; 256.002605; 255.465060; 254.781693; 254.424363; 254.173517; 253.834009; 254.019648; 254.479021; 254.619271; 254.530013; 254.231155; 253.910750; 253.655642; 253.946006; 254.668206; 255.415112; 255.786598; 255.911112; 256.118357; 256.751180; 256.840140; 256.787211; 256.939918; 257.478654; 258.343995; 258.922398; 259.244204; 259.582996; 259.353459; 258.484215; 257.768273; 257.630169; 257.651180; 257.401288; 256.931663; 257.441550; 257.556379; 256.910682; 255.836725; (); (); (); (); (); (); (); (); (); (); (); (); (); (); (); (); (); (); (); (); (); (); (); (); (); (); (); (); (); (); (); 
0.7; 08:01:05; (); (); (); (); (); (); (); (); (); (); (); (); (); (); (); (); (); (); (); (); (); (); (); (); (); (); (); (); (); (); (); (); (); (); (); (); (); (); (); (); (); 263.347507; 262.884587; 261.962742; 261.571169; 261.472225; 261.314303; 261.164635; 261.133581; 261.135519; 261.128366; 260.929435; 260.463983; 260.096461; 259.749055; 259.234607; 259.157956; 259.294301; 259.535015; 259.248108; 258.367062; 257.885963; 257.558912; 257.133961; 256.429702; 256.059349; 256.135464; 256.071001; 255.563170; 254.947573; 254.445851; 253.891051; 253.709495; 253.295392; 253.261745; 253.751069; 254.245400; 254.466951; 254.384488; 254.058838; 253.728151; 253.818750; 254.332930; 254.983485; 255.530328; 255.838543; 256.085485; 256.801367; 257.354736; 257.393986; 257.455438; 257.747173; 258.393764; 258.999825; 259.396672; 259.792745; 259.809285; 259.165466; 258.270651; 257.897973; 257.627666; 257.277042; 256.812394; 256.618559; 256.811619; 256.553233; 255.692780; 254.363716; 253.577024; (); (); (); (); (); (); (); (); (); (); (); (); (); (); (); (); (); (); (); (); (); (); (); (); (); (); (); (); (); (); (); 
1.6; 08:01:10; (); (); (); (); (); (); (); (); (); (); (); (); (); (); (); (); (); (); (); (); (); (); (); (); (); (); (); (); (); (); (); (); (); (); (); (); (); (); (); (); (); 264.801830; 264.821500; 264.564872; 263.774753; 263.132632; 262.901545; 262.721390; 262.335896; 261.911154; 261.374891; 261.109322; 260.911942; 260.591865; 260.177612; 259.880543; 259.303361; 259.042799; 259.311527; 259.597272; 259.651065; 258.990884; 258.408874; 258.129537; 257.684797; 257.198066; 256.687939; 256.593943; 256.600648; 256.188452; 255.483150; 255.017638; 254.444480; 253.964037; 253.711343; 253.342062; 253.487110; 253.879637; 254.177123; 254.262686; 254.022390; 253.716081; 253.615737; 254.001617; 254.744142; 255.444229; 255.776167; 255.835325; 256.063104; 256.832212; 257.089972; 257.110476; 257.334083; 257.886171; 258.557677; 259.043992; 259.393692; 259.757161; 259.461910; 258.545488; 257.914722; 257.939011; 258.058399; 257.804096; 257.265002; 257.508636; 257.811099; 257.333636; 256.471217; (); (); (); (); (); (); (); (); (); (); (); (); (); (); (); (); (); (); (); (); (); (); (); (); (); (); (); (); (); (); (); 
2.6; 08:01:15; (); (); (); (); (); (); (); (); (); (); (); (); (); (); (); (); (); (); (); (); (); (); (); (); (); (); (); (); (); (); (); (); (); (); (); (); (); (); (); (); (); 263.592571; 263.162494; 262.228727; 261.862129; 261.709929; 261.537969; 261.368662; 261.335850; 261.191428; 261.145681; 261.001021; 260.586888; 260.143161; 259.688377; 259.207219; 259.239882; 259.378970; 259.564072; 259.297252; 258.598566; 257.983088; 257.704705; 257.214755; 256.707132; 256.324708; 256.326228; 256.277174; 255.703092; 255.131066; 254.676789; 254.123330; 253.970504; 253.589302; 253.486723; 254.028141; 254.478157; 254.567832; 254.473716; 254.214287; 253.829956; 253.791809; 254.248023; 254.989415; 255.684763; 255.940974; 256.225228; 256.884813; 257.423460; 257.630438; 257.809639; 258.160979; 258.843839; 259.638876; 260.010540; 260.377944; 260.364383; 259.475857; 258.647352; 258.266687; 257.949471; 257.527292; 257.007569; 257.066101; 257.079095; 256.682277; 255.926192; 254.656762; 253.726065; (); (); (); (); (); (); (); (); (); (); (); (); (); (); (); (); (); (); (); (); (); (); (); (); (); (); (); (); (); (); (); 
3.6; 08:01:21; (); (); (); (); (); (); (); (); (); (); (); (); (); (); (); (); (); (); (); (); (); (); (); (); (); (); (); (); (); (); (); (); (); (); (); (); (); (); (); (); (); 264.700979; 264.780015; 264.586180; 263.775975; 263.135582; 262.879431; 262.706310; 262.384772; 261.895567; 261.458993; 261.224419; 261.102378; 260.801226; 260.418713; 260.128975; 259.606749; 259.382516; 259.631634; 259.883612; 259.947538; 259.433925; 258.827150; 258.518726; 258.126974; 257.648081; 257.087499; 256.886542; 256.946236; 256.555885; 255.926996; 255.465686; 254.712194; 254.151434; 253.886938; 253.559291; 253.724039; 254.155755; 254.427791; 254.480809; 254.152238; 253.797442; 253.551662; 253.767103; 254.444391; 255.161047; 255.482972; 255.679250; 255.868495; 256.503314; 256.701678; 256.587923; 256.696671; 257.156193; 257.895350; 258.665711; 259.025723; 259.299695; 259.031862; 258.068651; 257.461041; 257.418096; 257.449895; 257.086515; 256.665945; 257.125556; 257.292330; 256.677628; 255.774379; (); (); (); (); (); (); (); (); (); (); (); (); (); (); (); (); (); (); (); (); (); (); (); (); (); (); (); (); (); (); (); 
4.5; 08:01:26; (); (); (); (); (); (); (); (); (); (); (); (); (); (); (); (); (); (); (); (); (); (); (); (); (); (); (); (); (); (); (); (); (); (); (); (); (); (); (); (); (); 263.355464; 263.016522; 262.197226; 261.679471; 261.622488; 261.447579; 261.353433; 261.411458; 261.408806; 261.319250; 261.120170; 260.601133; 260.367513; 259.938478; 259.529442; 259.572178; 259.668171; 259.870619; 259.555012; 258.737981; 258.158237; 257.526129; 257.012874; 256.407291; 256.028146; 256.103784; 255.914003; 255.197287; 254.564583; 254.082948; 253.572732; 253.389686; 252.954662; 253.007144; 253.572881; 254.010201; 254.304558; 254.248172; 254.050046; 253.806084; 253.823847; 254.385412; 255.092263; 255.608767; 255.964041; 256.232351; 256.925046; 257.581025; 257.599771; 257.721275; 258.065999; 258.632600; 259.252876; 259.583026; 259.925783; 259.791493; 258.969009; 258.209199; 257.853061; 257.519603; 257.042289; 256.393224; 256.281257; 256.381184; 255.993128; 255.081445; 253.827721; 253.016770; (); (); (); (); (); (); (); (); (); (); (); (); (); (); (); (); (); (); (); (); (); (); (); (); (); (); (); (); (); (); (); 
5.5; 08:01:31; (); (); (); (); (); (); (); (); (); (); (); (); (); (); (); (); (); (); (); (); (); (); (); (); (); (); (); (); (); (); (); (); (); (); (); (); (); (); (); (); (); 264.877290; 264.886022; 264.703453; 263.891578; 263.109207; 262.840271; 262.748003; 262.419760; 261.843920; 261.382610; 261.239082; 261.129409; 260.929078; 260.447353; 260.213822; 259.750038; 259.416014; 259.647965; 259.957463; 259.986222; 259.487122; 258.787274; 258.335441; 257.891923; 257.412970; 256.855965; 256.703466; 256.715596; 256.390750; 255.699873; 255.177319; 254.538774; 254.028559; 253.784835; 253.509730; 253.655434; 254.122794; 254.424334; 254.458666; 254.220814; 253.917783; 253.656298; 253.910214; 254.642099; 255.337477; 255.629063; 255.731761; 255.935133; 256.535709; 256.797969; 256.746948; 256.903201; 257.304549; 257.944673; 258.555621; 258.841038; 259.180456; 258.958757; 258.118391; 257.539600; 257.553875; 257.656485; 257.412523; 256.855309; 257.326186; 257.617682; 257.128477; 256.366730; (); (); (); (); (); (); (); (); (); (); (); (); (); (); (); (); (); (); (); (); (); (); (); (); (); (); (); (); (); (); (); 
6.5; 08:01:36; (); (); (); (); (); (); (); (); (); (); (); (); (); (); (); (); (); (); (); (); (); (); (); (); (); (); (); (); (); (); (); (); (); (); (); (); (); (); (); (); (); 264.877290; 262.459248; 261.558563; 261.329263; 261.271924; 261.100978; 261.031210; 261.035800; 260.984123; 261.050522; 260.894716; 260.446817; 260.215670; 259.860545; 259.327978; 259.340167; 259.541661; 259.677023; 259.296924; 258.526534; 257.910728; 257.454723; 256.938905; 256.486624; 256.043643; 256.045312; 255.876362; 255.187064; 254.614741; 254.218310; 253.783822; 253.515750; 253.137052; 253.118038; 253.621519; 254.110426; 254.303277; 254.229426; 253.929645; 253.596961; 253.780991; 254.396111; 255.055666; 255.555123; 255.864263; 256.165355; 256.778091; 257.333368; 257.472813; 257.588893; 258.021683; 258.627534; 259.296745; 259.754866; 260.066330; 260.037690; 259.210676; 258.308858; 257.905275; 257.682085; 257.388920; 256.864816; 256.843537; 257.066548; 256.724000; 255.653739; 254.262805; 253.574431; (); (); (); (); (); (); (); (); (); (); (); (); (); (); (); (); (); (); (); (); (); (); (); (); (); (); (); (); (); (); (); 
7.5; 08:01:42; (); (); (); (); (); (); (); (); (); (); (); (); (); (); (); (); (); (); (); (); (); (); (); (); (); (); (); (); (); (); (); (); (); (); (); (); (); (); (); (); (); 264.877290; 264.766783; 264.470994; 263.465166; 262.800783; 262.512058; 262.387455; 262.160927; 261.750370; 261.186391; 260.914266; 260.734707; 260.525346; 260.086507; 259.832710; 259.339929; 258.855700; 259.090513; 259.487748; 259.670645; 259.143353; 258.435100; 258.088946; 257.622451; 257.153332; 256.557673; 256.456226; 256.532252; 256.179452; 255.620718; 255.196840; 254.643202; 254.069924; 253.847390; 253.486425; 253.692567; 254.180461; 254.511058; 254.732579; 254.589647; 254.263312; 253.926843; 254.028201; 254.729211; 255.404830; 255.696595; 255.914360; 256.105810; 256.822169; 257.327944; 257.167310; 257.201135; 257.578880; 258.233875; 258.812964; 259.157360; 259.500176; 259.252429; 258.382171; 257.662863; 257.515550; 257.544726; 257.220358; 256.616712; 256.726235; 257.045656; 256.457329; 255.595326; (); (); (); (); (); (); (); (); (); (); (); (); (); (); (); (); (); (); (); (); (); (); (); (); (); (); (); (); (); (); (); 
8.4; 08:01:47; (); (); (); (); (); (); (); (); (); (); (); (); (); (); (); (); (); (); (); (); (); (); (); (); (); (); (); (); (); (); (); (); (); (); (); (); (); (); (); (); (); (); 262.431055; 261.560380; 261.215001; 261.171460; 261.048913; 260.907859; 260.966957; 261.078447; 261.022270; 260.778219; 260.242164; 259.893686; 259.416044; 258.900166; 258.963019; 259.186536; 259.357691; 258.917153; 258.177102; 257.725447; 257.233173; 256.788462; 256.226927; 255.899251; 256.075591; 255.929261; 255.370677; 254.918814; 254.492581; 253.961682; 253.730536; 253.283709; 253.432304; 254.008591; 254.387528; 254.542738; 254.338324; 254.017740; 253.710687; 253.792644; 254.468024; 255.006701; 255.422056; 255.705923; 256.025940; 256.750792; 257.381767; 257.433265; 257.479012; 257.829577; 258.512944; 259.238362; 259.640217; 260.023355; 259.919405; 258.934021; 258.132517; 257.768422; 257.451266; 256.986588; 256.401688; 256.368876; 256.480753; 256.118655; 255.230546; 253.827631; 253.001779; (); (); (); (); (); (); (); (); (); (); (); (); (); (); (); (); (); (); (); (); (); (); (); (); (); (); (); (); (); (); (); 
9.4; 08:01:52; (); (); (); (); (); (); (); (); (); (); (); (); (); (); (); (); (); (); (); (); (); (); (); (); (); (); (); (); (); (); (); (); (); (); (); (); (); (); (); (); (); 264.568180; 264.582872; 264.400691; 263.563395; 262.835473; 262.633592; 262.549609; 262.253016; 261.845618; 261.364937; 261.140496; 261.051923; 260.841936; 260.324717; 260.043532; 259.650588; 259.302139; 259.457201; 259.748429; 259.802133; 259.379834; 258.671939; 258.235425; 257.788599; 257.403612; 256.911784; 256.543517; 256.558180; 256.286502; 255.631596; 255.027592; 254.266798; 253.736675; 253.537983; 253.301501; 253.289342; 253.659427; 254.015237; 254.095376; 253.984392; 253.697783; 253.458947; 253.602087; 254.173815; 254.987180; 255.408734; 255.574435; 255.709141; 256.292909; 256.542861; 256.512374; 256.751895; 257.250756; 257.913470; 258.558661; 258.982241; 259.295642; 259.158403; 258.391857; 257.724434; 257.704526; 257.873237; 257.699102; 257.281035; 257.693291; 258.053035; 257.485867; 256.653219; (); (); (); (); (); (); (); (); (); (); (); (); (); (); (); (); (); (); (); (); (); (); (); (); (); (); (); (); (); (); (); 
10.4; 08:01:58; (); (); (); (); (); (); (); (); (); (); (); (); (); (); (); (); (); (); (); (); (); (); (); (); (); (); (); (); (); (); (); (); (); (); (); (); (); (); (); (); (); 263.286412; 262.773216; 261.781484; 261.339128; 261.250883; 261.037022; 260.887474; 260.899723; 260.816783; 260.787547; 260.590076; 260.043085; 259.742141; 259.388149; 258.875579; 258.890450; 259.078145; 259.321123; 258.977324; 258.191824; 257.664025; 257.273167; 256.779194; 256.229818; 255.783558; 255.728513; 255.627722; 254.998714; 254.415631; 254.083037; 253.599137; 253.425300; 253.100395; 253.063083; 253.534913; 254.006505; 254.276514; 254.311472; 254.004121; 253.624618; 253.725499; 254.277319; 254.878759; 255.481482; 255.663067; 255.866796; 256.466150; 256.995857; 257.174939; 257.388800; 257.745177; 258.261979; 258.888304; 259.243190; 259.550482; 259.542793; 258.661330; 257.950723; 257.644236; 257.464439; 257.126957; 256.592780; 256.587714; 256.660491; 256.246418; 255.470872; 254.345864; 253.628761; (); (); (); (); (); (); (); (); (); (); (); (); (); (); (); (); (); (); (); (); (); (); (); (); (); (); (); (); (); (); (); 
11.4; 08:02:03; (); (); (); (); (); (); (); (); (); (); (); (); (); (); (); (); (); (); (); (); (); (); (); (); (); (); (); (); (); (); (); (); (); (); (); (); (); (); (); (); (); 263.286412; 264.407933; 264.138490; 263.263047; 262.567192; 262.226939; 262.144297; 261.869639; 261.382759; 260.867655; 260.605037; 260.474145; 260.101616; 259.765983; 259.486169; 258.904487; 258.474380; 258.641809; 258.927554; 259.072989; 258.437425; 257.813573; 257.622153; 257.250100; 256.910324; 256.341249; 256.182611; 256.378412; 255.999029; 255.391181; 254.949600; 254.477859; 254.046202; 253.864586; 253.510177; 253.789514; 254.324406; 254.622191; 254.682809; 254.457980; 254.129291; 253.818244; 254.079729; 254.740775; 255.308986; 255.709261; 255.966097; 256.246209; 256.826937; 257.116914; 256.914020; 256.997198; 257.476568; 258.109212; 258.634806; 258.991927; 259.308577; 258.950919; 258.056670; 257.367611; 257.251650; 257.184684; 256.844372; 256.278276; 256.644934; 256.891370; 256.197989; 255.212128; (); (); (); (); (); (); (); (); (); (); (); (); (); (); (); (); (); (); (); (); (); (); (); (); (); (); (); (); (); (); (); 
12.3; 08:02:08; (); (); (); (); (); (); (); (); (); (); (); (); (); (); (); (); (); (); (); (); (); (); (); (); (); (); (); (); (); (); (); (); (); (); (); (); (); (); (); (); (); 263.461322; 262.916744; 261.885673; 261.447817; 261.374861; 261.221111; 261.094570; 261.111349; 260.921091; 260.740370; 260.498047; 260.062844; 259.794831; 259.415895; 258.926749; 259.039134; 259.296268; 259.537876; 259.284049; 258.413255; 257.859081; 257.492483; 257.038504; 256.497979; 256.138176; 256.127775; 255.990893; 255.367488; 254.756063; 254.260331; 253.672093; 253.369838; 252.985328; 253.020018; 253.606856; 254.078656; 254.181862; 254.115909; 253.847033; 253.565460; 253.752172; 254.230082; 254.862428; 255.401641; 255.757421; 256.143093; 256.831616; 257.252693; 257.248968; 257.250637; 257.576317; 258.296728; 259.021252; 259.318799; 259.585232; 259.440899; 258.742630; 258.065134; 257.679820; 257.428020; 256.917119; 256.283611; 256.433427; 256.644249; 256.379157; 255.527109; 254.103720; 253.249437; (); (); (); (); (); (); (); (); (); (); (); (); (); (); (); (); (); (); (); (); (); (); (); (); (); (); (); (); (); (); (); 
13.3; 08:02:14; (); (); (); (); (); (); (); (); (); (); (); (); (); (); (); (); (); (); (); (); (); (); (); (); (); (); (); (); (); (); (); (); (); (); (); (); (); (); (); (); (); 264.172465; 264.199525; 263.894171; 263.099670; 262.465328; 262.246728; 262.126625; 261.758149; 261.314362; 260.836571; 260.706902; 260.728747; 260.495543; 260.012627; 259.693623; 259.232134; 258.962721; 259.197980; 259.543300; 259.659261; 259.204865; 258.553028; 258.131713; 257.688224; 257.224649; 256.648302; 256.416619; 256.467998; 256.207258; 255.530953; 254.959017; 254.301578; 253.794998; 253.500253; 253.180057; 253.358245; 253.949314; 254.222304; 254.289210; 254.164189; 253.886998; 253.628135; 253.785819; 254.501969; 255.251169; 255.648047; 255.867720; 256.025314; 256.566465; 256.824583; 256.832123; 257.017136; 257.613719; 258.259922; 258.759588; 259.080857; 259.392321; 259.179652; 258.193433; 257.483274; 257.452160; 257.489324; 257.277668; 256.791532; 257.203043; 257.308424; 256.576627; 255.666524; (); (); (); (); (); (); (); (); (); (); (); (); (); (); (); (); (); (); (); (); (); (); (); (); (); (); (); (); (); (); (); 
14.3; 08:02:19; (); (); (); (); (); (); (); (); (); (); (); (); (); (); (); (); (); (); (); (); (); (); (); (); (); (); (); (); (); (); (); (); (); (); (); (); (); (); (); (); (); 263.468415; 262.961268; 262.042314; 261.608392; 261.525810; 261.353195; 261.186033; 261.195302; 261.015266; 260.905087; 260.784835; 260.315418; 260.007739; 259.618551; 259.111732; 259.169072; 259.404093; 259.656519; 259.305835; 258.448988; 258.016318; 257.714480; 257.158667; 256.631732; 256.274223; 256.259531; 256.115884; 255.509138; 254.846692; 254.359722; 253.756255; 253.357679; 252.996534; 252.968371; 253.494799; 254.036039; 254.188299; 254.076302; 253.748775; 253.569007; 253.682315; 254.227161; 254.944593; 255.494416; 255.792290; 255.957633; 256.567448; 257.107198; 257.157564; 257.254839; 257.617325; 258.256972; 258.831322; 259.178728; 259.511292; 259.395570; 258.625567; 258.028567; 257.618576; 257.301301; 257.107973; 256.680220; 256.671131; 256.846189; 256.444782; 255.558282; 254.358977; 253.793657; (); (); (); (); (); (); (); (); (); (); (); (); (); (); (); (); (); (); (); (); (); (); (); (); (); (); (); (); (); (); (); 
15.2; 08:02:24; (); (); (); (); (); (); (); (); (); (); (); (); (); (); (); (); (); (); (); (); (); (); (); (); (); (); (); (); (); (); (); (); (); (); (); (); (); (); (); (); (); 263.468415; 264.278203; 264.155596; 263.565391; 262.791634; 262.479573; 262.321740; 262.086928; 261.695653; 261.243105; 260.963798; 260.787010; 260.475427; 259.924352; 259.659141; 259.109408; 258.639812; 258.783728; 258.970559; 259.153575; 258.672357; 258.029312; 257.687777; 257.191956; 256.724894; 256.174117; 255.952626; 256.143570; 255.955726; 255.388170; 254.924566; 254.374832; 253.921896; 253.656387; 253.253907; 253.363520; 253.764451; 254.066020; 254.253089; 254.145086; 253.855735; 253.629744; 253.742754; 254.305154; 254.983574; 255.284846; 255.460262; 255.691707; 256.283253; 256.481469; 256.368428; 256.468207; 256.839275; 257.432461; 258.057833; 258.443743; 258.824617; 258.871585; 258.020967; 257.268786; 257.177651; 257.191569; 256.962508; 256.585717; 256.916404; 257.364422; 257.073492; 256.196827; (); (); (); (); (); (); (); (); (); (); (); (); (); (); (); (); (); (); (); (); (); (); (); (); (); (); (); (); (); (); (); 
16.2; 08:02:29; (); (); (); (); (); (); (); (); (); (); (); (); (); (); (); (); (); (); (); (); (); (); (); (); (); (); (); (); (); (); (); (); (); (); (); (); (); (); (); (); (); (); 261.978835; 261.221617; 261.101067; 261.096895; 260.861009; 260.730922; 260.699749; 260.741651; 260.787666; 260.562509; 260.082304; 259.862125; 259.385973; 258.994877; 259.141624; 259.326339; 259.420961; 258.934289; 258.120686; 257.697463; 257.288635; 256.882280; 256.494880; 256.181270; 256.159753; 255.953133; 255.268484; 254.656643; 254.100233; 253.496617; 253.228873; 252.843320; 252.957731; 253.542334; 253.967851; 254.129589; 253.997415; 253.615260; 253.253639; 253.405631; 254.013658; 254.653275; 255.156487; 255.464941; 255.813748; 256.571859; 256.938040; 257.089019; 257.185072; 257.514447; 258.382499; 259.038210; 259.458274; 259.791762; 259.785801; 259.007722; 258.212358; 257.958710; 257.766962; 257.411212; 257.055253; 257.165670; 257.241011; 256.878734; 256.039053; 254.875362; 254.019707; (); (); (); (); (); (); (); (); (); (); (); (); (); (); (); (); (); (); (); (); (); (); (); (); (); (); (); (); (); (); (); 
17.2; 08:02:35; (); (); (); (); (); (); (); (); (); (); (); (); (); (); (); (); (); (); (); (); (); (); (); (); (); (); (); (); (); (); (); (); (); (); (); (); (); (); (); (); (); 264.601618; 264.561772; 264.349192; 263.601989; 262.995362; 262.774229; 262.575477; 262.232602; 261.799961; 261.318862; 261.014760; 260.863483; 260.533839; 260.096371; 259.823382; 259.360820; 258.956939; 259.034097; 259.305507; 259.394228; 258.905023; 258.253396; 257.765979; 257.324010; 256.955653; 256.438464; 256.184042; 256.280601; 255.973220; 255.364358; 254.799485; 254.116565; 253.638536; 253.322273; 252.938896; 253.111184; 253.629714; 253.978938; 254.105002; 253.937334; 253.712714; 253.496140; 253.711939; 254.336387; 254.994333; 255.490869; 255.779207; 256.079197; 256.792217; 257.044673; 256.962359; 256.965637; 257.352769; 258.032322; 258.683413; 259.049356; 259.318352; 259.102196; 258.235812; 257.603109; 257.430911; 257.450193; 257.178336; 256.638318; 256.977260; 257.299989; 256.950319; 255.981505; (); (); (); (); (); (); (); (); (); (); (); (); (); (); (); (); (); (); (); (); (); (); (); (); (); (); (); (); (); (); (); 
18.2; 08:02:40; (); (); (); (); (); (); (); (); (); (); (); (); (); (); (); (); (); (); (); (); (); (); (); (); (); (); (); (); (); (); (); (); (); (); (); (); (); (); (); (); (); 263.950527; 263.278276; 262.340099; 261.968642; 261.885524; 261.690974; 261.558831; 261.476249; 261.331767; 261.148721; 260.887116; 260.427445; 260.119289; 259.614170; 259.143203; 259.137839; 259.367853; 259.618610; 259.123981; 258.372247; 257.947475; 257.531017; 257.128388; 256.454527; 256.189436; 256.186336; 255.992085; 255.323112; 254.735947; 254.283309; 253.792912; 253.577918; 253.181934; 253.198802; 253.634661; 254.036546; 254.289240; 254.241109; 253.988743; 253.735930; 253.813326; 254.318386; 254.973739; 255.460680; 255.734026; 255.904913; 256.552368; 257.100105; 257.175624; 257.357031; 257.578611; 258.155167; 258.815944; 259.151608; 259.457171; 259.521544; 258.851618; 258.163452; 257.799327; 257.573098; 257.298768; 256.849915; 256.684542; 256.865084; 256.496251; 255.697489; 254.531801; 253.897935; (); (); (); (); (); (); (); (); (); (); (); (); (); (); (); (); (); (); (); (); (); (); (); (); (); (); (); (); (); (); (); 
19.1; 08:02:45; (); (); (); (); (); (); (); (); (); (); (); (); (); (); (); (); (); (); (); (); (); (); (); (); (); (); (); (); (); (); (); (); (); (); (); (); (); (); (); (); (); 264.270276; 264.279991; 263.974130; 263.405859; 262.774438; 262.585938; 262.457907; 262.179673; 261.810184; 261.293769; 261.070281; 260.967940; 260.841221; 260.321379; 259.956896; 259.398162; 259.058177; 259.285212; 259.505868; 259.526432; 258.814663; 258.119702; 257.848203; 257.451922; 256.944507; 256.386340; 256.339788; 256.461740; 256.318957; 255.609065; 255.032182; 254.513949; 254.065663; 253.711343; 253.407478; 253.602743; 254.003078; 254.326642; 254.441500; 254.241586; 253.870219; 253.614813; 253.842205; 254.499704; 255.115718; 255.500883; 255.572349; 255.793303; 256.557643; 257.001996; 257.079631; 257.213265; 257.645756; 258.319050; 258.911312; 259.247392; 259.586483; 259.370834; 258.423060; 258.022845; 257.907063; 258.055389; 257.816255; 257.229745; 257.463336; 257.577628; 257.073492; 256.182969; (); (); (); (); (); (); (); (); (); (); (); (); (); (); (); (); (); (); (); (); (); (); (); (); (); (); (); (); (); (); (); 
20.1; 08:02:51; (); (); (); (); (); (); (); (); (); (); (); (); (); (); (); (); (); (); (); (); (); (); (); (); (); (); (); (); (); (); (); (); (); (); (); (); (); (); (); (); (); 263.233513; 262.717575; 261.833578; 261.524171; 261.490345; 261.362106; 261.268765; 261.270881; 261.061728; 261.052370; 261.003435; 260.503739; 260.244578; 259.925455; 259.348333; 259.483725; 259.661615; 259.768635; 259.420931; 258.490801; 258.042157; 257.613808; 257.201642; 256.757796; 256.186098; 256.058902; 255.996287; 255.472749; 254.942536; 254.332393; 253.689498; 253.543615; 253.250867; 253.082275; 253.624588; 254.041314; 254.142463; 254.035711; 253.784955; 253.558487; 253.582984; 254.170835; 254.815310; 255.283564; 255.688280; 256.070465; 256.681770; 257.073134; 257.147282; 257.375956; 257.809401; 258.443058; 259.082675; 259.602070; 259.967446; 259.992838; 259.255290; 258.328676; 257.935226; 257.604808; 257.116377; 256.616265; 256.720066; 256.882936; 256.441355; 255.535364; 254.144222; 253.303587; (); (); (); (); (); (); (); (); (); (); (); (); (); (); (); (); (); (); (); (); (); (); (); (); (); (); (); (); (); (); (); 
21.1; 08:02:56; (); (); (); (); (); (); (); (); (); (); (); (); (); (); (); (); (); (); (); (); (); (); (); (); (); (); (); (); (); (); (); (); (); (); (); (); (); (); (); (); (); 264.415324; 264.453381; 264.175028; 263.366848; 262.715250; 262.493670; 262.365669; 261.980474; 261.636853; 261.274755; 260.971904; 260.977238; 260.671049; 260.323405; 260.017365; 259.487927; 259.209484; 259.424329; 259.682268; 259.758830; 259.256691; 258.483797; 258.041680; 257.586986; 257.329613; 256.856829; 256.510973; 256.539017; 256.177098; 255.538195; 254.968226; 254.414916; 254.025459; 253.795028; 253.475577; 253.622055; 254.011095; 254.384458; 254.386574; 254.035324; 253.586620; 253.374249; 253.509283; 254.083633; 254.899979; 255.344033; 255.483270; 255.814314; 256.474912; 256.677747; 256.572634; 256.681353; 257.140785; 257.862091; 258.563429; 258.902460; 259.242386; 258.992046; 258.086771; 257.483721; 257.424563; 257.416606; 257.031560; 256.484091; 256.838530; 257.086188; 256.580442; 255.893320; (); (); (); (); (); (); (); (); (); (); (); (); (); (); (); (); (); (); (); (); (); (); (); (); (); (); (); (); (); (); (); 
22.1; 08:03:01; (); (); (); (); (); (); (); (); (); (); (); (); (); (); (); (); (); (); (); (); (); (); (); (); (); (); (); (); (); (); (); (); (); (); (); (); (); (); (); (); (); 262.492269; 261.941850; 261.163384; 260.919929; 260.878503; 260.805339; 260.764956; 260.822594; 260.789096; 260.695189; 260.530144; 260.075688; 259.835809; 259.516329; 258.986652; 259.217739; 259.507924; 259.628564; 259.298354; 258.670062; 258.079737; 257.632643; 257.190526; 256.635904; 256.273896; 256.301522; 256.101310; 255.485445; 254.970759; 254.569978; 254.011482; 253.719330; 253.354162; 253.183395; 253.659368; 254.103333; 254.152507; 254.039586; 253.745109; 253.492534; 253.619254; 254.060626; 254.716486; 255.294830; 255.666792; 255.908698; 256.584555; 257.213205; 257.341921; 257.492930; 257.765770; 258.449346; 259.193361; 259.611785; 259.875268; 259.765446; 258.979261; 258.249551; 257.814825; 257.430881; 257.052183; 256.507009; 256.368250; 256.560743; 256.301582; 255.363673; 253.992140; 253.089756; (); (); (); (); (); (); (); (); (); (); (); (); (); (); (); (); (); (); (); (); (); (); (); (); (); (); (); (); (); (); (); 
23.0; 08:03:07; (); (); (); (); (); (); (); (); (); (); (); (); (); (); (); (); (); (); (); (); (); (); (); (); (); (); (); (); (); (); (); (); (); (); (); (); (); (); (); (); (); 264.053345; 264.059573; 263.808936; 263.109595; 262.538046; 262.300372; 262.158215; 261.870146; 261.432499; 260.992885; 260.890394; 260.942310; 260.755956; 260.303497; 260.095358; 259.678125; 259.447962; 259.701699; 259.981632; 259.968340; 259.299994; 258.657098; 258.325815; 257.878482; 257.431477; 256.745934; 256.417513; 256.462514; 256.058276; 255.390346; 254.725873; 254.148394; 253.744006; 253.525227; 253.213853; 253.371596; 253.772676; 254.139453; 254.231244; 254.044443; 253.817886; 253.524840; 253.866971; 254.641801; 255.285472; 255.693227; 255.828261; 256.137013; 256.749839; 257.013351; 257.050037; 257.187873; 257.610679; 258.300662; 258.892894; 259.174496; 259.484500; 259.060949; 258.126646; 257.555366; 257.505447; 257.518023; 257.072955; 256.597996; 256.957978; 257.089853; 256.584972; 255.684078; (); (); (); (); (); (); (); (); (); (); (); (); (); (); (); (); (); (); (); (); (); (); (); (); (); (); (); (); (); (); (); 
24.0; 08:03:12; (); (); (); (); (); (); (); (); (); (); (); (); (); (); (); (); (); (); (); (); (); (); (); (); (); (); (); (); (); (); (); (); (); (); (); (); (); (); (); (); (); 262.861133; 262.491226; 261.592180; 261.214197; 261.060834; 260.852575; 260.776073; 260.826141; 260.723323; 260.722667; 260.755926; 260.324180; 260.035366; 259.708375; 259.175032; 259.140730; 259.256303; 259.395987; 258.945823; 258.277208; 257.828236; 257.387996; 256.815076; 256.228179; 255.820990; 255.666256; 255.543023; 254.927963; 254.356265; 253.931105; 253.441989; 253.307223; 253.020436; 252.928078; 253.409714; 253.900766; 254.016578; 253.927231; 253.734171; 253.483325; 253.509998; 254.080266; 254.827410; 255.319715; 255.615085; 255.835474; 256.499290; 257.044196; 257.113427; 257.344544; 257.766604; 258.370340; 259.110004; 259.539515; 259.840786; 259.965509; 259.131610; 258.335888; 257.941782; 257.649183; 257.342249; 256.802171; 256.714582; 256.903738; 256.457478; 255.448580; 254.320443; 253.469557; (); (); (); (); (); (); (); (); (); (); (); (); (); (); (); (); (); (); (); (); (); (); (); (); (); (); (); (); (); (); (); 
25.0; 08:03:17; (); (); (); (); (); (); (); (); (); (); (); (); (); (); (); (); (); (); (); (); (); (); (); (); (); (); (); (); (); (); (); (); (); (); (); (); (); (); (); (); (); 262.861133; 264.192909; 263.790905; 263.077348; 262.402624; 262.205809; 262.121052; 261.842251; 261.353821; 260.915011; 260.729730; 260.688007; 260.362655; 259.979993; 259.781688; 259.143263; 258.829832; 259.083748; 259.385616; 259.503245; 258.926153; 258.234262; 257.818460; 257.370561; 256.965280; 256.381124; 256.148547; 256.233633; 255.841404; 255.220711; 254.722387; 254.227996; 253.825277; 253.564835; 253.223360; 253.423035; 253.950775; 254.326850; 254.426807; 254.235387; 253.878534; 253.655523; 253.948480; 254.645288; 255.329609; 255.610853; 255.761385; 256.178528; 256.980777; 257.248700; 257.254839; 257.317930; 257.793069; 258.393228; 258.988678; 259.438574; 259.674996; 259.262294; 258.398354; 257.818609; 257.860392; 257.868677; 257.407367; 256.732643; 257.031143; 257.143378; 256.554991; 255.784571; (); (); (); (); (); (); (); (); (); (); (); (); (); (); (); (); (); (); (); (); (); (); (); (); (); (); (); (); (); (); (); 
25.9; 08:03:22; (); (); (); (); (); (); (); (); (); (); (); (); (); (); (); (); (); (); (); (); (); (); (); (); (); (); (); (); (); (); (); (); (); (); (); (); (); (); (); (); (); (); 262.746334; 261.757582; 261.373967; 261.359602; 261.270314; 261.115968; 261.103570; 261.142254; 260.966241; 260.832012; 260.338962; 260.111660; 259.686530; 259.111941; 259.069026; 259.600490; 259.931952; 259.641618; 258.819878; 258.226633; 257.847577; 257.361948; 256.833434; 256.359965; 256.289572; 256.222725; 255.590081; 255.062342; 254.562676; 254.089177; 253.601283; 253.041595; 253.003240; 253.501594; 254.005611; 254.145384; 254.125476; 253.836185; 253.559142; 253.562152; 254.093438; 254.773200; 255.236298; 255.552381; 255.725652; 256.322294; 256.837040; 256.858259; 256.941468; 257.204503; 257.890344; 258.568227; 258.955926; 259.312421; 259.336084; 258.440375; 257.748485; 257.497251; 257.251412; 256.973296; 256.512940; 256.571174; 256.795824; 256.465048; 255.782425; 254.488468; 253.585249; (); (); (); (); (); (); (); (); (); (); (); (); (); (); (); (); (); (); (); (); (); (); (); (); (); (); (); (); (); (); (); 
26.9; 08:03:28; (); (); (); (); (); (); (); (); (); (); (); (); (); (); (); (); (); (); (); (); (); (); (); (); (); (); (); (); (); (); (); (); (); (); (); (); (); (); (); (); (); 264.324218; 264.343768; 264.104366; 263.341784; 262.694299; 262.446612; 262.300134; 261.989087; 261.530101; 260.973454; 260.729313; 260.761052; 260.578960; 260.200560; 259.777844; 259.242922; 258.869469; 259.117991; 259.302109; 259.339601; 258.816898; 258.116722; 257.788241; 257.420808; 256.983161; 256.383687; 256.048352; 256.151438; 255.806267; 255.237877; 254.745722; 254.141390; 253.724724; 253.564417; 253.189594; 253.244638; 253.731191; 253.984302; 254.110307; 253.957927; 253.650099; 253.351241; 253.556788; 254.273325; 254.938424; 255.307883; 255.500495; 255.795538; 256.556988; 256.866187; 257.011861; 257.216990; 257.714480; 258.501381; 259.090424; 259.349018; 259.630114; 259.425998; 258.545250; 257.729739; 257.592499; 257.641315; 257.358968; 256.662339; 256.942928; 256.977946; 256.351560; 255.379885; (); (); (); (); (); (); (); (); (); (); (); (); (); (); (); (); (); (); (); (); (); (); (); (); (); (); (); (); (); (); (); 
27.9; 08:03:33; (); (); (); (); (); (); (); (); (); (); (); (); (); (); (); (); (); (); (); (); (); (); (); (); (); (); (); (); (); (); (); (); (); (); (); (); (); (); (); (); (); 263.352036; 262.817264; 261.876523; 261.497557; 261.444747; 261.287779; 261.161178; 261.147171; 261.074096; 260.991007; 260.912359; 260.380477; 260.146499; 259.775072; 259.209365; 259.186029; 259.444326; 259.693056; 259.421945; 258.539498; 258.162290; 257.880509; 257.348120; 256.707162; 256.325036; 256.197304; 256.087363; 255.442619; 254.873276; 254.445016; 253.854245; 253.544718; 253.182828; 253.143907; 253.606945; 253.939122; 254.037619; 253.948778; 253.647715; 253.383756; 253.582239; 254.219979; 254.905879; 255.423129; 255.668133; 255.876958; 256.472021; 256.944746; 256.979913; 257.206023; 257.451147; 258.129001; 258.718997; 259.151936; 259.434313; 259.366930; 258.674115; 257.941216; 257.483602; 257.252991; 257.034957; 256.634772; 256.628186; 256.871074; 256.470472; 255.593181; 254.604131; 254.052997; (); (); (); (); (); (); (); (); (); (); (); (); (); (); (); (); (); (); (); (); (); (); (); (); (); (); (); (); (); (); (); 
28.9; 08:03:38; (); (); (); (); (); (); (); (); (); (); (); (); (); (); (); (); (); (); (); (); (); (); (); (); (); (); (); (); (); (); (); (); (); (); (); (); (); (); (); (); (); 263.965160; 264.057398; 263.750911; 263.037056; 262.384236; 262.153774; 262.045592; 261.750877; 261.238158; 260.787427; 260.665089; 260.628372; 260.418773; 260.021120; 259.711146; 259.113401; 258.734614; 258.919209; 259.121507; 259.373903; 258.834064; 258.241951; 257.912278; 257.543832; 257.221818; 256.694764; 256.366074; 256.493181; 256.091356; 255.394787; 254.886717; 254.425615; 253.951967; 253.626794; 253.245384; 253.367424; 253.805190; 254.140824; 254.278064; 254.163116; 253.796339; 253.487200; 253.618926; 254.360557; 255.123764; 255.518794; 255.692601; 255.957365; 256.776154; 257.109821; 257.085085; 257.169873; 257.504374; 258.214593; 258.933723; 259.346813; 259.655774; 259.366333; 258.505255; 257.907510; 257.677257; 257.711828; 257.490188; 256.877571; 256.991565; 257.248908; 256.875247; 255.987704; (); (); (); (); (); (); (); (); (); (); (); (); (); (); (); (); (); (); (); (); (); (); (); (); (); (); (); (); (); (); (); 
29.8; 08:03:44; (); (); (); (); (); (); (); (); (); (); (); (); (); (); (); (); (); (); (); (); (); (); (); (); (); (); (); (); (); (); (); (); (); (); (); (); (); (); (); (); (); (); 262.677133; 261.757523; 261.466682; 261.382759; 261.264414; 261.103660; 261.064827; 260.998249; 260.919183; 260.778040; 260.419875; 260.075420; 259.622931; 259.117454; 259.250611; 259.553194; 259.734273; 259.317070; 258.413404; 258.005559; 257.706463; 257.238209; 256.664008; 256.098449; 256.040186; 255.887985; 255.269855; 254.757762; 254.271418; 253.724575; 253.353715; 252.880752; 252.866745; 253.396899; 253.858030; 254.054964; 253.983378; 253.782511; 253.564417; 253.632694; 254.219145; 254.916012; 255.400956; 255.694449; 255.952835; 256.682158; 257.242113; 257.296026; 257.444113; 257.910788; 258.483559; 259.060442; 259.393930; 259.743631; 259.635508; 258.677214; 257.957637; 257.674724; 257.399619; 256.951481; 256.376892; 256.394148; 256.510019; 256.140113; 255.322039; 254.146576; 253.302813; (); (); (); (); (); (); (); (); (); (); (); (); (); (); (); (); (); (); (); (); (); (); (); (); (); (); (); (); (); (); (); 
30.8; 08:03:49; (); (); (); (); (); (); (); (); (); (); (); (); (); (); (); (); (); (); (); (); (); (); (); (); (); (); (); (); (); (); (); (); (); (); (); (); (); (); (); (); (); 263.910621; 264.106691; 263.869345; 263.090283; 262.534618; 262.353480; 262.170702; 261.803776; 261.323720; 260.743469; 260.543108; 260.594726; 260.426939; 260.039628; 259.808362; 259.292752; 259.006470; 259.200722; 259.457618; 259.566754; 259.005100; 258.385122; 258.103490; 257.656634; 257.184505; 256.636769; 256.430566; 256.475359; 255.990863; 255.375534; 254.864246; 254.216909; 253.781468; 253.484190; 253.094792; 253.253728; 253.793776; 254.056871; 254.151434; 253.953487; 253.629684; 253.384173; 253.572017; 254.239827; 254.987925; 255.382419; 255.560338; 255.844623; 256.451339; 256.680340; 256.778806; 257.009804; 257.471383; 258.189321; 258.823395; 259.193242; 259.590000; 259.394020; 258.502811; 257.820338; 257.743478; 257.813632; 257.528782; 257.109642; 257.500082; 257.609546; 256.965727; 256.142735; (); (); (); (); (); (); (); (); (); (); (); (); (); (); (); (); (); (); (); (); (); (); (); (); (); (); (); (); (); (); (); 
31.8; 08:03:54; (); (); (); (); (); (); (); (); (); (); (); (); (); (); (); (); (); (); (); (); (); (); (); (); (); (); (); (); (); (); (); (); (); (); (); (); (); (); (); (); (); 263.403058; 263.006598; 262.033641; 261.627197; 261.513591; 261.369556; 261.255294; 261.264801; 261.228949; 261.171967; 260.945112; 260.444820; 260.217488; 259.873927; 259.246111; 259.144962; 259.335160; 259.609491; 259.258866; 258.498579; 257.997870; 257.624507; 257.069111; 256.370008; 255.924851; 256.029844; 255.833209; 255.167484; 254.588068; 254.176289; 253.638864; 253.346503; 252.928674; 252.892375; 253.333151; 253.614068; 253.833383; 253.736526; 253.537506; 253.249884; 253.226519; 253.743559; 254.492164; 255.026162; 255.286604; 255.493343; 256.178170; 256.821901; 256.980389; 257.263809; 257.695287; 258.294821; 258.907527; 259.246886; 259.661824; 259.735435; 259.074330; 258.273095; 257.950038; 257.785261; 257.487893; 257.093638; 256.965786; 257.108212; 256.712168; 255.905807; 254.867703; 254.157990; (); (); (); (); (); (); (); (); (); (); (); (); (); (); (); (); (); (); (); (); (); (); (); (); (); (); (); (); (); (); (); 
32.8; 08:04:00; (); (); (); (); (); (); (); (); (); (); (); (); (); (); (); (); (); (); (); (); (); (); (); (); (); (); (); (); (); (); (); (); (); (); (); (); (); (); (); (); (); 264.776677; 264.760047; 264.467537; 263.577610; 262.815982; 262.598246; 262.441605; 262.082666; 261.605531; 261.071533; 260.849804; 260.611773; 260.293305; 259.781271; 259.435117; 258.916616; 258.701265; 258.958876; 259.254456; 259.314716; 258.662105; 258.111000; 257.864505; 257.485956; 257.051766; 256.463110; 256.354690; 256.454408; 256.098330; 255.408078; 254.888862; 254.270107; 253.762275; 253.452212; 253.127456; 253.349930; 253.681153; 253.961593; 254.010379; 253.778368; 253.498852; 253.341734; 253.579110; 254.280806; 254.957020; 255.282581; 255.363584; 255.636513; 256.372601; 256.597340; 256.575942; 256.885588; 257.349819; 257.989347; 258.499414; 258.764714; 259.088635; 258.913279; 258.196205; 257.620722; 257.463276; 257.586330; 257.346094; 256.850630; 257.123917; 257.295877; 256.673366; 255.753577; (); (); (); (); (); (); (); (); (); (); (); (); (); (); (); (); (); (); (); (); (); (); (); (); (); (); (); (); (); (); (); 
33.7; 08:04:05; (); (); (); (); (); (); (); (); (); (); (); (); (); (); (); (); (); (); (); (); (); (); (); (); (); (); (); (); (); (); (); (); (); (); (); (); (); (); (); (); (); 263.683230; 263.002604; 262.075514; 261.788934; 261.698127; 261.570364; 261.407733; 261.342049; 261.047930; 260.947734; 260.645032; 260.236025; 259.881735; 259.503156; 259.033024; 259.055793; 259.351820; 259.608030; 259.175807; 258.407682; 257.854909; 257.409334; 256.982416; 256.571740; 256.071806; 256.047636; 255.788654; 255.160451; 254.618108; 254.024923; 253.454268; 253.151923; 252.771437; 252.784431; 253.322423; 253.777206; 253.956586; 253.787369; 253.524542; 253.265351; 253.333658; 253.935397; 254.612595; 255.139202; 255.478024; 255.828351; 256.445527; 256.908059; 257.064790; 257.236630; 257.467866; 258.047760; 258.810729; 259.190172; 259.531319; 259.628892; 258.777559; 257.941753; 257.664025; 257.461190; 257.076353; 256.657511; 256.727248; 256.853968; 256.490707; 255.722612; 254.608333; 253.888756; (); (); (); (); (); (); (); (); (); (); (); (); (); (); (); (); (); (); (); (); (); (); (); (); (); (); (); (); (); (); (); 
34.7; 08:04:10; (); (); (); (); (); (); (); (); (); (); (); (); (); (); (); (); (); (); (); (); (); (); (); (); (); (); (); (); (); (); (); (); (); (); (); (); (); (); (); (); (); 264.392048; 264.454842; 264.313787; 263.497204; 262.819737; 262.666970; 262.498289; 262.062103; 261.576504; 261.162907; 261.011600; 260.916382; 260.504872; 259.938389; 259.638369; 259.058893; 258.732677; 258.844882; 259.121507; 259.182066; 258.460522; 257.857978; 257.669181; 257.318020; 256.808877; 256.220043; 256.056637; 256.258637; 255.784333; 255.224794; 254.844904; 254.299402; 253.913403; 253.600746; 253.226846; 253.410488; 253.943712; 254.268914; 254.401267; 254.197180; 253.849059; 253.540993; 253.788322; 254.548192; 255.210012; 255.495787; 255.633622; 255.976021; 256.636649; 256.788611; 256.812960; 256.882370; 257.303447; 257.903934; 258.491039; 258.935899; 259.344250; 259.086251; 258.207619; 257.520705; 257.397443; 257.393301; 257.092625; 256.605893; 256.916225; 257.073820; 256.537884; 255.524129; (); (); (); (); (); (); (); (); (); (); (); (); (); (); (); (); (); (); (); (); (); (); (); (); (); (); (); (); (); (); (); 
35.7; 08:04:16; (); (); (); (); (); (); (); (); (); (); (); (); (); (); (); (); (); (); (); (); (); (); (); (); (); (); (); (); (); (); (); (); (); (); (); (); (); (); (); (); (); 264.392048; 262.784809; 261.752993; 261.355728; 261.317402; 261.205345; 261.069447; 261.028320; 261.066288; 260.924518; 260.680377; 260.198832; 259.850770; 259.513736; 258.966029; 258.858353; 259.091735; 259.307295; 258.993804; 258.355975; 257.742405; 257.287711; 256.815881; 256.236255; 255.912751; 255.957097; 255.826265; 255.210787; 254.670739; 254.284114; 253.739655; 253.363073; 252.999395; 253.125697; 253.513724; 253.902107; 254.142255; 254.107356; 253.820181; 253.511637; 253.553152; 254.199266; 254.750907; 255.087763; 255.360126; 255.703568; 256.398261; 256.917685; 256.939769; 257.098347; 257.388383; 258.086205; 258.807987; 259.097666; 259.405196; 259.368122; 258.666277; 257.983863; 257.654577; 257.422060; 257.028103; 256.508946; 256.574959; 256.733894; 256.323129; 255.386233; 254.103571; 253.438205; (); (); (); (); (); (); (); (); (); (); (); (); (); (); (); (); (); (); (); (); (); (); (); (); (); (); (); (); (); (); (); 
36.7; 08:04:21; (); (); (); (); (); (); (); (); (); (); (); (); (); (); (); (); (); (); (); (); (); (); (); (); (); (); (); (); (); (); (); (); (); (); (); (); (); (); (); (); (); 264.200419; 264.174312; 264.050066; 263.416827; 262.716949; 262.460262; 262.334108; 261.939883; 261.500835; 261.044979; 260.852814; 260.717481; 260.355115; 259.838939; 259.587377; 259.097785; 258.784354; 258.901656; 259.059280; 259.186298; 258.652687; 257.917911; 257.647991; 257.151216; 256.675273; 256.095231; 255.998373; 256.125540; 255.860955; 255.177230; 254.665941; 254.148632; 253.750592; 253.511906; 253.198266; 253.295809; 253.763229; 254.134774; 254.269123; 254.077822; 253.797889; 253.491879; 253.692359; 254.366487; 255.077600; 255.374491; 255.468696; 255.681604; 256.369352; 256.724000; 256.779432; 256.914586; 257.420599; 258.037627; 258.581579; 258.922189; 259.247154; 259.034723; 258.019477; 257.383436; 257.410258; 257.466018; 257.277846; 256.628960; 256.804883; 257.040530; 256.442100; 255.531877; (); (); (); (); (); (); (); (); (); (); (); (); (); (); (); (); (); (); (); (); (); (); (); (); (); (); (); (); (); (); (); 
37.6; 08:04:26; (); (); (); (); (); (); (); (); (); (); (); (); (); (); (); (); (); (); (); (); (); (); (); (); (); (); (); (); (); (); (); (); (); (); (); (); (); (); (); (); (); 263.134360; 262.580097; 261.720091; 261.403650; 261.352628; 261.151671; 261.025161; 260.974854; 260.833412; 260.676891; 260.466874; 259.961456; 259.728253; 259.333938; 258.888155; 258.948982; 259.106934; 259.265631; 258.991480; 258.161962; 257.707626; 257.317096; 256.898403; 256.370336; 255.950391; 255.909264; 255.715162; 255.021244; 254.444391; 253.940195; 253.462911; 253.152549; 252.759188; 252.628356; 253.131002; 253.625065; 253.768206; 253.653049; 253.378898; 253.099978; 253.161520; 253.696203; 254.410714; 254.973859; 255.329937; 255.598038; 256.248355; 256.542951; 256.603330; 256.807059; 257.233888; 257.951915; 258.661866; 259.005189; 259.339809; 259.330809; 258.551866; 257.726222; 257.409036; 257.164657; 256.926566; 256.469756; 256.610394; 256.839722; 256.492883; 255.585760; 254.285485; 253.536910; (); (); (); (); (); (); (); (); (); (); (); (); (); (); (); (); (); (); (); (); (); (); (); (); (); (); (); (); (); (); (); 
38.6; 08:04:31; (); (); (); (); (); (); (); (); (); (); (); (); (); (); (); (); (); (); (); (); (); (); (); (); (); (); (); (); (); (); (); (); (); (); (); (); (); (); (); (); (); 264.159143; 264.092386; 263.903886; 263.069063; 262.413502; 262.251735; 262.089700; 261.674017; 261.190802; 260.739267; 260.571599; 260.437518; 260.109931; 259.721220; 259.458065; 258.939415; 258.715302; 258.861542; 259.214699; 259.246618; 258.665234; 257.983714; 257.689893; 257.201821; 256.792188; 256.293654; 256.127834; 256.215513; 255.751312; 255.186766; 254.685611; 254.101247; 253.724128; 253.373027; 252.998829; 253.210515; 253.793240; 253.995419; 254.131436; 253.944665; 253.599763; 253.372997; 253.485739; 254.198492; 254.875332; 255.210608; 255.444586; 255.814165; 256.538928; 256.678224; 256.584078; 256.668448; 257.197440; 257.823318; 258.396745; 258.767188; 259.058863; 258.747965; 257.832199; 257.285088; 257.216930; 257.142693; 256.706685; 256.283611; 256.777912; 256.976783; 256.492168; 255.608201; (); (); (); (); (); (); (); (); (); (); (); (); (); (); (); (); (); (); (); (); (); (); (); (); (); (); (); (); (); (); (); 
39.6; 08:04:37; (); (); (); (); (); (); (); (); (); (); (); (); (); (); (); (); (); (); (); (); (); (); (); (); (); (); (); (); (); (); (); (); (); (); (); (); (); (); (); (); (); 263.187051; 262.513489; 261.668921; 261.284947; 261.209786; 261.066347; 260.924757; 260.893106; 260.740131; 260.565192; 260.340899; 259.913713; 259.762019; 259.492308; 259.039342; 259.040475; 259.429514; 259.653300; 259.346694; 258.555293; 258.160770; 257.798702; 257.412672; 256.942302; 256.524801; 256.504953; 256.264776; 255.566388; 254.898578; 254.443049; 253.834248; 253.439248; 253.073692; 253.085732; 253.568232; 253.982008; 254.182070; 254.046470; 253.741473; 253.447115; 253.513485; 254.045248; 254.655212; 255.171061; 255.624890; 255.795777; 256.323278; 256.961286; 257.051110; 257.137746; 257.483363; 258.073509; 258.741230; 259.086698; 259.433776; 259.360343; 258.416086; 257.628560; 257.294327; 257.053286; 256.824523; 256.344050; 256.372571; 256.520391; 256.066591; 255.106121; 253.848165; 253.225893; (); (); (); (); (); (); (); (); (); (); (); (); (); (); (); (); (); (); (); (); (); (); (); (); (); (); (); (); (); (); (); 
40.5; 08:04:42; (); (); (); (); (); (); (); (); (); (); (); (); (); (); (); (); (); (); (); (); (); (); (); (); (); (); (); (); (); (); (); (); (); (); (); (); (); (); (); (); (); 264.213234; 264.253408; 264.083683; 263.461143; 262.784600; 262.520850; 262.418777; 262.104869; 261.530966; 261.069000; 260.880172; 260.937214; 260.799795; 260.252714; 259.806216; 259.277999; 258.869320; 258.978665; 259.039342; 259.220332; 258.628368; 257.811308; 257.440686; 257.045716; 256.457925; 255.840868; 255.570710; 255.660921; 255.395174; 254.867256; 254.461914; 253.994942; 253.494620; 253.327608; 253.000706; 253.144830; 253.591180; 253.992438; 254.192293; 254.103273; 253.715575; 253.459603; 253.647923; 254.340678; 254.966885; 255.347133; 255.496919; 255.848110; 256.512284; 256.733000; 256.697953; 256.766051; 257.167846; 257.833302; 258.411050; 258.746564; 259.052962; 258.943141; 258.060843; 257.369995; 257.205397; 257.280469; 256.981730; 256.356716; 256.618530; 256.928176; 256.520361; 255.722642; (); (); (); (); (); (); (); (); (); (); (); (); (); (); (); (); (); (); (); (); (); (); (); (); (); (); (); (); (); (); (); 
41.5; 08:04:47; (); (); (); (); (); (); (); (); (); (); (); (); (); (); (); (); (); (); (); (); (); (); (); (); (); (); (); (); (); (); (); (); (); (); (); (); (); (); (); (); (); 263.032377; 262.431741; 261.499405; 261.227131; 261.250556; 261.073947; 260.975540; 260.916620; 260.953039; 260.841817; 260.766357; 260.175824; 259.821236; 259.456366; 258.938462; 258.999228; 259.267598; 259.540915; 259.107977; 258.210957; 257.768154; 257.426620; 256.974757; 256.490409; 256.011426; 255.851805; 255.847424; 255.099654; 254.534483; 254.088908; 253.504455; 253.261745; 252.921343; 252.905548; 253.339827; 253.807545; 253.894061; 253.755122; 253.503203; 253.306389; 253.336132; 253.712416; 254.476845; 255.045176; 255.462259; 255.781502; 256.372958; 256.756395; 256.828547; 257.085681; 257.438004; 258.050382; 258.818120; 259.249508; 259.586126; 259.543568; 258.806884; 257.992297; 257.707626; 257.501572; 257.237494; 256.877065; 257.044107; 257.217616; 256.863892; 256.061316; 254.890054; 254.170299; (); (); (); (); (); (); (); (); (); (); (); (); (); (); (); (); (); (); (); (); (); (); (); (); (); (); (); (); (); (); (); 
42.5; 08:04:53; (); (); (); (); (); (); (); (); (); (); (); (); (); (); (); (); (); (); (); (); (); (); (); (); (); (); (); (); (); (); (); (); (); (); (); (); (); (); (); (); (); 264.227480; 264.260203; 263.924092; 263.133377; 262.490094; 262.207538; 262.037814; 261.744499; 261.227638; 260.828406; 260.612816; 260.539055; 260.321587; 259.926051; 259.578496; 258.913040; 258.566618; 258.860648; 259.152919; 259.231836; 258.735865; 258.141339; 257.800043; 257.447273; 256.964743; 256.301224; 256.113678; 256.252646; 255.965561; 255.320579; 254.925162; 254.571646; 254.082590; 253.780633; 253.420591; 253.652871; 254.109383; 254.381508; 254.474998; 254.310846; 254.022151; 253.785729; 254.016459; 254.594475; 255.110681; 255.566746; 255.710572; 256.069869; 256.909013; 257.123232; 257.070452; 257.111579; 257.516950; 258.095413; 258.763313; 259.174705; 259.507835; 259.063751; 258.153260; 257.579267; 257.447153; 257.421821; 256.996721; 256.344914; 256.507695; 256.675959; 256.210655; 255.309731; (); (); (); (); (); (); (); (); (); (); (); (); (); (); (); (); (); (); (); (); (); (); (); (); (); (); (); (); (); (); (); 
43.5; 08:04:58; (); (); (); (); (); (); (); (); (); (); (); (); (); (); (); (); (); (); (); (); (); (); (); (); (); (); (); (); (); (); (); (); (); (); (); (); (); (); (); (); (); 263.264745; 262.649477; 261.664957; 261.239469; 261.229753; 261.157513; 261.036932; 261.037529; 260.843694; 260.659367; 260.450989; 260.085046; 259.863734; 259.588033; 258.997887; 258.950472; 259.251326; 259.505719; 259.313971; 258.382827; 258.002222; 257.680088; 257.206708; 256.651133; 256.276637; 256.250054; 256.136358; 255.490869; 254.906207; 254.478455; 253.928632; 253.626049; 253.189206; 253.039926; 253.581583; 253.962904; 254.101157; 254.008263; 253.761768; 253.520995; 253.510386; 253.990054; 254.653811; 255.226940; 255.615205; 255.907625; 256.535172; 257.178187; 257.164359; 257.274181; 257.675797; 258.290976; 258.935928; 259.342819; 259.642780; 259.668231; 258.913755; 257.980913; 257.506758; 257.173121; 256.789297; 256.305397; 256.321132; 256.502211; 256.133974; 255.156696; 253.946126; 253.133059; (); (); (); (); (); (); (); (); (); (); (); (); (); (); (); (); (); (); (); (); (); (); (); (); (); (); (); (); (); (); (); 
44.4; 08:05:03; (); (); (); (); (); (); (); (); (); (); (); (); (); (); (); (); (); (); (); (); (); (); (); (); (); (); (); (); (); (); (); (); (); (); (); (); (); (); (); (); (); 263.264745; 264.149964; 263.916343; 263.154805; 262.522072; 262.355179; 262.177557; 261.814535; 261.368841; 260.843843; 260.490566; 260.457337; 260.170251; 259.716511; 259.507388; 259.029657; 258.623302; 258.831799; 259.038776; 259.124309; 258.579910; 257.948488; 257.499695; 257.074416; 256.655097; 256.183594; 255.971014; 256.026298; 255.602151; 254.969567; 254.572809; 253.979415; 253.519773; 253.305584; 252.982914; 253.169894; 253.652394; 253.943384; 254.013866; 253.821731; 253.446966; 253.207564; 253.462285; 254.109502; 254.776508; 255.155981; 255.342513; 255.650491; 256.292254; 256.450564; 256.493807; 256.651312; 257.069647; 257.702470; 258.400559; 258.870393; 259.234697; 259.024918; 258.147091; 257.542193; 257.426172; 257.484823; 257.106096; 256.663829; 257.091761; 257.110327; 256.346941; 255.653292; (); (); (); (); (); (); (); (); (); (); (); (); (); (); (); (); (); (); (); (); (); (); (); (); (); (); (); (); (); (); (); 
45.4; 08:05:09; (); (); (); (); (); (); (); (); (); (); (); (); (); (); (); (); (); (); (); (); (); (); (); (); (); (); (); (); (); (); (); (); (); (); (); (); (); (); (); (); (); (); 262.604147; 261.664450; 261.256903; 261.244893; 261.089385; 261.019766; 261.004508; 261.029840; 260.997027; 260.904402; 260.433942; 260.159403; 259.757698; 259.151429; 259.159416; 259.452492; 259.617478; 259.144574; 258.302987; 257.831335; 257.456005; 257.071942; 256.501824; 256.031662; 255.926788; 255.809635; 255.280524; 254.698694; 254.198581; 253.534853; 253.236532; 252.956837; 253.066272; 253.622353; 253.972560; 254.108071; 254.033029; 253.730416; 253.474712; 253.645778; 254.108429; 254.636168; 255.166024; 255.548477; 255.958855; 256.610692; 256.945789; 256.996870; 257.082701; 257.493079; 258.070439; 258.591861; 258.908629; 259.198070; 259.243250; 258.572459; 257.823586; 257.446170; 257.193506; 256.693482; 256.116509; 256.248564; 256.406367; 256.004542; 255.073369; 253.800243; 253.243506; (); (); (); (); (); (); (); (); (); (); (); (); (); (); (); (); (); (); (); (); (); (); (); (); (); (); (); (); (); (); (); 
46.4; 08:05:14; (); (); (); (); (); (); (); (); (); (); (); (); (); (); (); (); (); (); (); (); (); (); (); (); (); (); (); (); (); (); (); (); (); (); (); (); (); (); (); (); (); 264.007568; 264.051467; 263.858557; 263.189018; 262.477040; 262.168139; 261.979282; 261.629939; 261.163801; 260.736406; 260.592103; 260.457605; 260.151297; 259.756565; 259.533077; 258.967161; 258.628249; 258.762538; 258.853585; 258.972406; 258.338034; 257.752895; 257.534206; 257.079244; 256.591320; 255.968302; 255.811900; 255.892664; 255.517572; 254.816175; 254.338264; 253.899336; 253.570259; 253.408492; 252.974600; 253.126115; 253.607750; 253.890723; 254.060268; 253.879607; 253.547668; 253.352463; 253.600359; 254.267544; 254.883736; 255.194128; 255.335659; 255.654007; 256.301641; 256.588876; 256.557673; 256.731391; 257.142305; 257.789284; 258.463085; 258.854091; 259.127498; 258.915722; 257.993251; 257.233202; 257.222384; 257.203996; 256.782979; 256.345063; 256.645977; 256.886065; 256.391793; 255.523741; (); (); (); (); (); (); (); (); (); (); (); (); (); (); (); (); (); (); (); (); (); (); (); (); (); (); (); (); (); (); (); 
47.4; 08:05:19; (); (); (); (); (); (); (); (); (); (); (); (); (); (); (); (); (); (); (); (); (); (); (); (); (); (); (); (); (); (); (); (); (); (); (); (); (); (); (); (); (); (); 262.328207; 261.375129; 261.002570; 260.966748; 260.920554; 260.749757; 260.741711; 260.735661; 260.626525; 260.569781; 260.179758; 259.832412; 259.348541; 258.928388; 259.036779; 259.487331; 259.684563; 259.378165; 258.520156; 257.978767; 257.664055; 257.279247; 256.768316; 256.319016; 256.190032; 255.911112; 255.377144; 254.861772; 254.277259; 253.651291; 253.262252; 252.970010; 252.843380; 253.422290; 253.859669; 253.934264; 253.735602; 253.431737; 253.269494; 253.438920; 254.010201; 254.577637; 255.147249; 255.530298; 255.842745; 256.365001; 256.687343; 256.696045; 256.718755; 257.132709; 257.766306; 258.550495; 258.963197; 259.135783; 259.130061; 258.356541; 257.756293; 257.367194; 257.043689; 256.581008; 256.038994; 256.137669; 256.340981; 256.033093; 255.056173; 253.687680; 252.969891; (); (); (); (); (); (); (); (); (); (); (); (); (); (); (); (); (); (); (); (); (); (); (); (); (); (); (); (); (); (); (); 
48.3; 08:05:25; (); (); (); (); (); (); (); (); (); (); (); (); (); (); (); (); (); (); (); (); (); (); (); (); (); (); (); (); (); (); (); (); (); (); (); (); (); (); (); (); (); 264.073610; 264.094800; 263.751477; 262.913048; 262.351245; 262.212545; 262.085497; 261.723727; 261.198312; 260.825515; 260.707229; 260.634005; 260.212570; 259.851336; 259.561390; 258.972406; 258.718133; 258.888066; 259.138137; 259.250849; 258.651733; 257.866204; 257.533133; 256.992668; 256.508201; 255.968302; 255.859196; 255.988628; 255.604506; 254.968226; 254.490227; 253.956944; 253.633887; 253.269553; 252.916753; 253.082067; 253.651530; 253.971726; 254.090399; 253.837794; 253.419161; 253.074974; 253.309995; 253.950626; 254.529148; 254.865408; 255.050004; 255.424261; 256.211162; 256.364882; 256.457120; 256.551504; 256.980509; 257.770717; 258.327782; 258.756310; 259.116083; 258.792639; 257.927001; 257.430345; 257.444292; 257.451057; 257.110089; 256.569594; 256.904602; 256.970227; 256.370634; 255.671263; (); (); (); (); (); (); (); (); (); (); (); (); (); (); (); (); (); (); (); (); (); (); (); (); (); (); (); (); (); (); (); 
49.3; 08:05:30; (); (); (); (); (); (); (); (); (); (); (); (); (); (); (); (); (); (); (); (); (); (); (); (); (); (); (); (); (); (); (); (); (); (); (); (); (); (); (); (); (); 263.724536; 263.113230; 262.122184; 261.696875; 261.612713; 261.504710; 261.301875; 261.274338; 261.101156; 260.934561; 260.817856; 260.290235; 260.003507; 259.606898; 259.054184; 259.069949; 259.372354; 259.535849; 259.315550; 258.509099; 258.002579; 257.629335; 257.187754; 256.668568; 256.144106; 256.045073; 255.943120; 255.416214; 254.707247; 254.217535; 253.636688; 253.258139; 252.905101; 252.803326; 253.156006; 253.539294; 253.658116; 253.584117; 253.292292; 253.182441; 253.250748; 253.755659; 254.430264; 254.921973; 255.267560; 255.479813; 256.047219; 256.623030; 256.800443; 257.030278; 257.416517; 258.093208; 258.618981; 258.962214; 259.243429; 259.318501; 258.562982; 257.721752; 257.397145; 257.103711; 256.823003; 256.408662; 256.500751; 256.558955; 256.142467; 255.270690; 254.130006; 253.555983; (); (); (); (); (); (); (); (); (); (); (); (); (); (); (); (); (); (); (); (); (); (); (); (); (); (); (); (); (); (); (); 
50.3; 08:05:35; (); (); (); (); (); (); (); (); (); (); (); (); (); (); (); (); (); (); (); (); (); (); (); (); (); (); (); (); (); (); (); (); (); (); (); (); (); (); (); (); (); 264.179289; 264.260113; 264.079958; 263.424754; 262.743294; 262.411356; 262.281030; 261.901200; 261.438847; 261.012137; 260.814041; 260.691047; 260.381401; 259.794325; 259.422600; 258.729488; 258.435160; 258.542925; 258.709431; 258.776248; 258.268148; 257.588953; 257.215291; 256.738782; 256.247312; 255.702645; 255.735666; 255.892247; 255.577564; 254.829198; 254.490405; 254.030198; 253.630310; 253.377348; 253.134072; 253.333151; 253.798783; 254.104078; 254.170120; 253.927261; 253.636628; 253.311396; 253.492117; 254.222840; 254.873812; 255.145341; 255.243599; 255.550474; 256.232053; 256.461322; 256.405264; 256.553560; 257.013351; 257.668763; 258.289963; 258.636326; 258.918554; 258.761287; 257.910103; 257.363856; 257.338583; 257.349551; 257.083803; 256.554663; 256.848633; 257.137775; 256.675720; 255.781680; (); (); (); (); (); (); (); (); (); (); (); (); (); (); (); (); (); (); (); (); (); (); (); (); (); (); (); (); (); (); (); 
51.2; 08:05:40; (); (); (); (); (); (); (); (); (); (); (); (); (); (); (); (); (); (); (); (); (); (); (); (); (); (); (); (); (); (); (); (); (); (); (); (); (); (); (); (); (); 264.179289; 262.437195; 261.529684; 261.192322; 261.192679; 261.096269; 260.982305; 260.989130; 260.942221; 260.858566; 260.758489; 260.311604; 259.884208; 259.497553; 259.070754; 259.143472; 259.356171; 259.548366; 259.044617; 258.266747; 257.754028; 257.351547; 256.893039; 256.492287; 256.036788; 255.922914; 255.725801; 255.108058; 254.573762; 253.960282; 253.243953; 253.044754; 252.643436; 252.598733; 253.110856; 253.544897; 253.752321; 253.671706; 253.336042; 252.986997; 253.060520; 253.711760; 254.393280; 254.890442; 255.349904; 255.665779; 256.306499; 256.746978; 256.753266; 256.893069; 257.309854; 257.847846; 258.483768; 258.923203; 259.206802; 259.335041; 258.449733; 257.586509; 257.251561; 256.905377; 256.582856; 256.030113; 256.121665; 256.337792; 255.993217; 255.059391; 253.811061; 252.997756; (); (); (); (); (); (); (); (); (); (); (); (); (); (); (); (); (); (); (); (); (); (); (); (); (); (); (); (); (); (); (); 
52.2; 08:05:46; (); (); (); (); (); (); (); (); (); (); (); (); (); (); (); (); (); (); (); (); (); (); (); (); (); (); (); (); (); (); (); (); (); (); (); (); (); (); (); (); (); 264.179289; 264.581084; 264.279723; 263.356090; 262.748450; 262.534231; 262.379527; 262.049586; 261.542708; 261.111975; 260.735571; 260.553896; 260.209829; 259.785861; 259.503871; 258.993208; 258.587569; 258.857876; 259.160876; 259.274483; 258.695781; 258.006662; 257.618129; 257.249415; 256.754398; 256.170928; 256.026119; 256.114066; 255.653441; 254.932612; 254.421145; 253.859818; 253.347576; 252.991766; 252.711803; 252.887130; 253.468245; 253.767461; 253.823936; 253.684849; 253.392011; 253.155291; 253.216743; 254.045129; 254.850984; 255.256832; 255.490988; 255.747348; 256.387383; 256.588697; 256.464839; 256.496757; 257.020533; 257.762343; 258.327901; 258.667231; 259.084255; 259.007126; 258.134812; 257.522941; 257.417381; 257.410884; 257.012457; 256.575435; 256.901860; 257.365733; 256.894857; 255.969554; (); (); (); (); (); (); (); (); (); (); (); (); (); (); (); (); (); (); (); (); (); (); (); (); (); (); (); (); (); (); (); 
53.2; 08:05:51; (); (); (); (); (); (); (); (); (); (); (); (); (); (); (); (); (); (); (); (); (); (); (); (); (); (); (); (); (); (); (); (); (); (); (); (); (); (); (); (); (); 262.862533; 262.254596; 261.385351; 260.985434; 260.911882; 260.727406; 260.569751; 260.552436; 260.531157; 260.434777; 260.219932; 259.791195; 259.441912; 258.944362; 258.461446; 258.560508; 258.798569; 259.015948; 258.675218; 257.813156; 257.361054; 256.989211; 256.600529; 256.003737; 255.686313; 255.702406; 255.467325; 254.838079; 254.304886; 253.917158; 253.349304; 253.120303; 252.690524; 252.696723; 253.303170; 253.682047; 253.868878; 253.784984; 253.519654; 253.226817; 253.302276; 253.904551; 254.494578; 254.880428; 255.194068; 255.628109; 256.396323; 257.035315; 257.120967; 257.269442; 257.499278; 258.017927; 258.726358; 259.077430; 259.425670; 259.465277; 258.622199; 257.911563; 257.569283; 257.250786; 256.822228; 256.256372; 256.028146; 256.224185; 255.846649; 254.815608; 253.471315; 252.951831; (); (); (); (); (); (); (); (); (); (); (); (); (); (); (); (); (); (); (); (); (); (); (); (); (); (); (); (); (); (); (); 
54.1; 08:05:56; (); (); (); (); (); (); (); (); (); (); (); (); (); (); (); (); (); (); (); (); (); (); (); (); (); (); (); (); (); (); (); (); (); (); (); (); (); (); (); (); (); 264.321208; 264.287740; 264.099091; 263.336658; 262.634367; 262.376785; 262.270093; 261.875838; 261.284769; 260.883778; 260.691464; 260.582298; 260.377437; 259.882689; 259.639621; 259.201258; 258.871526; 259.109199; 259.317040; 259.390652; 258.812219; 258.145869; 257.835478; 257.389218; 256.888151; 256.395370; 256.200373; 256.235212; 255.982339; 255.224198; 254.620522; 254.084319; 253.644526; 253.437102; 253.191829; 253.437012; 253.873020; 254.103631; 254.277885; 254.164219; 253.802091; 253.584176; 253.804147; 254.538774; 255.214483; 255.566388; 255.751252; 256.095409; 256.682038; 256.881744; 256.853223; 257.045060; 257.460773; 258.108407; 258.737683; 259.126246; 259.429276; 259.209216; 258.226126; 257.516176; 257.456541; 257.479757; 257.212400; 256.655127; 256.930321; 257.202893; 256.453156; 255.678385; (); (); (); (); (); (); (); (); (); (); (); (); (); (); (); (); (); (); (); (); (); (); (); (); (); (); (); (); (); (); (); 
55.1; 08:06:01; (); (); (); (); (); (); (); (); (); (); (); (); (); (); (); (); (); (); (); (); (); (); (); (); (); (); (); (); (); (); (); (); (); (); (); (); (); (); (); (); (); 262.939394; 262.426168; 261.430502; 261.050969; 261.033148; 260.895491; 260.817885; 260.876596; 260.845006; 260.933369; 260.707885; 260.083139; 259.816796; 259.308726; 258.780152; 258.855522; 259.021252; 259.247899; 258.865803; 257.899374; 257.349193; 256.960362; 256.394923; 255.731523; 255.204469; 255.237728; 255.172819; 254.695088; 254.203826; 253.772974; 253.254533; 253.041416; 252.650797; 252.706975; 253.284276; 253.746629; 253.886402; 253.854334; 253.630936; 253.423244; 253.513217; 254.020452; 254.677683; 255.192548; 255.406976; 255.670130; 256.277829; 256.902784; 257.127523; 257.239014; 257.533431; 258.176535; 258.852422; 259.267092; 259.536475; 259.551167; 258.726209; 257.908404; 257.619202; 257.495016; 257.139772; 256.572396; 256.586939; 256.672621; 256.337702; 255.448818; 254.121602; 253.365815; (); (); (); (); (); (); (); (); (); (); (); (); (); (); (); (); (); (); (); (); (); (); (); (); (); (); (); (); (); (); (); 
56.1; 08:06:07; (); (); (); (); (); (); (); (); (); (); (); (); (); (); (); (); (); (); (); (); (); (); (); (); (); (); (); (); (); (); (); (); (); (); (); (); (); (); (); (); (); 264.145494; 264.158249; 263.885707; 263.200015; 262.508482; 262.272865; 262.186885; 261.859208; 261.462837; 261.066198; 260.739058; 260.480493; 260.228068; 259.882927; 259.619027; 259.082228; 258.783758; 259.075403; 259.314686; 259.311408; 258.621782; 258.030236; 257.746190; 257.310867; 256.915659; 256.387055; 256.304592; 256.329715; 255.904436; 255.343765; 254.844427; 254.314989; 253.882140; 253.588974; 253.431112; 253.576279; 253.955275; 254.230440; 254.292786; 254.111260; 253.776848; 253.538847; 253.739476; 254.452467; 255.099088; 255.463779; 255.634695; 255.843222; 256.588697; 256.901234; 256.845742; 257.030040; 257.558912; 258.176118; 258.713275; 259.079397; 259.345740; 259.045780; 258.076221; 257.458001; 257.443637; 257.403255; 257.078707; 256.483614; 256.748646; 256.882519; 256.216288; 255.432487; (); (); (); (); (); (); (); (); (); (); (); (); (); (); (); (); (); (); (); (); (); (); (); (); (); (); (); (); (); (); (); 
57.1; 08:06:12; (); (); (); (); (); (); (); (); (); (); (); (); (); (); (); (); (); (); (); (); (); (); (); (); (); (); (); (); (); (); (); (); (); (); (); (); (); (); (); (); (); 263.373107; 262.880206; 261.860579; 261.469930; 261.408091; 261.237562; 260.971069; 260.969847; 260.853022; 260.718524; 260.440648; 260.023177; 259.663999; 259.205371; 258.700192; 258.770138; 259.005874; 259.228379; 258.969724; 258.104116; 257.512391; 257.181883; 256.665349; 256.114066; 255.621642; 255.672812; 255.475819; 254.902840; 254.301310; 253.811300; 253.201842; 252.952754; 252.542913; 252.506047; 253.020644; 253.534108; 253.786415; 253.690094; 253.423303; 253.192484; 253.240347; 253.779799; 254.394948; 254.885256; 255.205631; 255.542308; 256.246537; 256.850988; 257.010102; 257.023394; 257.247329; 257.919282; 258.736610; 259.072870; 259.327471; 259.332091; 258.502483; 257.846564; 257.514238; 257.278353; 256.775200; 256.186813; 256.225586; 256.371915; 256.088942; 255.294144; 254.063576; 253.201008; (); (); (); (); (); (); (); (); (); (); (); (); (); (); (); (); (); (); (); (); (); (); (); (); (); (); (); (); (); (); (); 
58.0; 08:06:17; (); (); (); (); (); (); (); (); (); (); (); (); (); (); (); (); (); (); (); (); (); (); (); (); (); (); (); (); (); (); (); (); (); (); (); (); (); (); (); (); (); 263.735533; 263.783634; 263.644367; 262.805551; 262.193620; 262.022406; 261.836320; 261.578709; 261.087000; 260.528624; 260.342658; 260.310322; 260.096937; 259.689748; 259.390265; 258.922249; 258.646250; 258.826613; 259.055734; 259.233624; 258.709729; 258.137047; 257.819742; 257.392734; 257.028252; 256.443411; 256.251752; 256.325513; 255.894661; 255.244225; 254.791081; 254.061252; 253.661931; 253.373653; 252.900451; 253.056347; 253.507614; 253.830224; 253.952444; 253.742427; 253.348291; 253.193378; 253.386736; 254.095763; 254.665583; 255.047172; 255.300313; 255.647123; 256.319374; 256.334752; 256.363511; 256.633222; 257.166415; 257.825106; 258.403718; 258.742660; 258.979112; 258.604228; 257.745862; 257.142395; 257.034570; 257.039011; 256.681144; 256.308854; 256.771445; 256.842196; 255.915701; 254.976422; (); (); (); (); (); (); (); (); (); (); (); (); (); (); (); (); (); (); (); (); (); (); (); (); (); (); (); (); (); (); (); 
59.0; 08:06:23; (); (); (); (); (); (); (); (); (); (); (); (); (); (); (); (); (); (); (); (); (); (); (); (); (); (); (); (); (); (); (); (); (); (); (); (); (); (); (); (); (); 262.519866; 262.011111; 261.166513; 260.792315; 260.754377; 260.653347; 260.563701; 260.568053; 260.655195; 260.530204; 260.267913; 259.781986; 259.526193; 259.073347; 258.569360; 258.549958; 258.873850; 259.117126; 258.864790; 258.092910; 257.455796; 257.019907; 256.531417; 255.944401; 255.476147; 255.544186; 255.492866; 255.018920; 254.478157; 254.026443; 253.474355; 253.141642; 252.636015; 252.590865; 253.009051; 253.509432; 253.716141; 253.655791; 253.391117; 253.054291; 253.105074; 253.663719; 254.309237; 254.777849; 255.077332; 255.344570; 255.972266; 256.641269; 256.915599; 257.072777; 257.436156; 258.074701; 258.683354; 259.075731; 259.363979; 259.454489; 258.613229; 257.944047; 257.611454; 257.348001; 257.115155; 256.671548; 256.508976; 256.622136; 256.393760; 255.613685; 254.339397; 253.522992; (); (); (); (); (); (); (); (); (); (); (); (); (); (); (); (); (); (); (); (); (); (); (); (); (); (); (); (); (); (); (); 
60.0; 08:06:28; (); (); (); (); (); (); (); (); (); (); (); (); (); (); (); (); (); (); (); (); (); (); (); (); (); (); (); (); (); (); (); (); (); (); (); (); (); (); (); (); (); 264.480293; 264.397234; 264.018089; 263.217479; 262.584478; 262.451679; 262.300193; 261.950940; 261.503845; 261.029720; 260.815978; 260.617018; 260.331005; 259.817064; 259.527028; 259.009391; 258.717120; 258.981407; 259.168953; 259.323925; 258.647084; 258.025974; 257.791728; 257.377952; 256.922692; 256.350607; 256.262541; 256.297618; 255.901545; 255.252391; 254.869610; 254.272044; 253.820390; 253.499836; 253.149033; 253.300577; 253.721178; 253.987551; 254.041195; 253.857225; 253.571004; 253.353924; 253.566623; 254.160911; 254.840583; 255.225718; 255.381495; 255.657464; 256.347477; 256.692201; 256.620556; 256.828249; 257.322878; 258.090883; 258.609921; 258.879781; 259.166688; 259.027153; 258.280188; 257.573128; 257.422388; 257.444769; 257.126033; 256.623417; 256.967932; 257.085383; 256.529182; 255.645156; (); (); (); (); (); (); (); (); (); (); (); (); (); (); (); (); (); (); (); (); (); (); (); (); (); (); (); (); (); (); (); 
61.0; 08:06:33; (); (); (); (); (); (); (); (); (); (); (); (); (); (); (); (); (); (); (); (); (); (); (); (); (); (); (); (); (); (); (); (); (); (); (); (); (); (); (); (); (); 262.855560; 262.387812; 261.645287; 261.390716; 261.312544; 261.149019; 260.934174; 260.867983; 260.845423; 260.844260; 260.667264; 260.215223; 259.961873; 259.594679; 258.946568; 258.875430; 259.114832; 259.232312; 258.853257; 258.063257; 257.562995; 257.250190; 256.817907; 256.177723; 255.741566; 255.708337; 255.543590; 254.949749; 254.427791; 254.021734; 253.430873; 253.118366; 252.707452; 252.559990; 253.154635; 253.576934; 253.666520; 253.498048; 253.254920; 252.988756; 253.072023; 253.618985; 254.285157; 254.774719; 255.098909; 255.454749; 256.166995; 256.661177; 256.835669; 257.032841; 257.288575; 257.923424; 258.668482; 259.074688; 259.399980; 259.364367; 258.540899; 257.766992; 257.399231; 257.200122; 256.835729; 256.238520; 256.285667; 256.311744; 255.904853; 255.104750; 253.822744; 253.080577; (); (); (); (); (); (); (); (); (); (); (); (); (); (); (); (); (); (); (); (); (); (); (); (); (); (); (); (); (); (); (); 
61.9; 08:06:39; (); (); (); (); (); (); (); (); (); (); (); (); (); (); (); (); (); (); (); (); (); (); (); (); (); (); (); (); (); (); (); (); (); (); (); (); (); (); (); (); (); 262.855560; 264.266610; 263.938665; 263.026148; 262.522668; 262.306392; 262.082100; 261.719882; 261.232615; 260.744810; 260.447681; 260.216713; 260.031044; 259.585410; 259.246439; 258.695960; 258.411437; 258.665323; 258.927226; 259.027660; 258.593857; 257.942051; 257.701248; 257.344425; 256.897986; 256.408840; 256.300628; 256.341964; 255.970001; 255.341411; 254.828572; 254.144788; 253.742218; 253.505111; 253.065407; 253.196537; 253.655195; 253.878564; 253.860444; 253.593117; 253.243178; 253.015459; 253.289849; 254.022628; 254.670739; 255.069435; 255.330890; 255.653024; 256.207943; 256.478906; 256.465852; 256.616592; 257.162541; 257.869631; 258.503497; 258.822829; 259.123445; 258.939922; 257.956505; 257.342339; 257.237017; 257.216126; 256.761998; 256.283045; 256.716520; 256.832093; 256.212890; 255.428553; (); (); (); (); (); (); (); (); (); (); (); (); (); (); (); (); (); (); (); (); (); (); (); (); (); (); (); (); (); (); (); 
62.9; 08:06:44; (); (); (); (); (); (); (); (); (); (); (); (); (); (); (); (); (); (); (); (); (); (); (); (); (); (); (); (); (); (); (); (); (); (); (); (); (); (); (); (); (); 262.561589; 262.153387; 261.255831; 260.968834; 260.925800; 260.816872; 260.694087; 260.687441; 260.630459; 260.562211; 260.292739; 259.898543; 259.655535; 259.244680; 258.779883; 258.874416; 259.081423; 259.268075; 258.809090; 258.070797; 257.569224; 257.178992; 256.815195; 256.307334; 255.787045; 255.818307; 255.566657; 254.981130; 254.434109; 253.994435; 253.471971; 253.166378; 252.729863; 252.870589; 253.339082; 253.759116; 253.955334; 253.821939; 253.532022; 253.261298; 253.388286; 253.933191; 254.475236; 254.920423; 255.212575; 255.428225; 256.076515; 256.746799; 256.858617; 256.861597; 257.222027; 257.877260; 258.564293; 259.002656; 259.418547; 259.351552; 258.613765; 257.877767; 257.615626; 257.440418; 257.156849; 256.616414; 256.612420; 256.784171; 256.458461; 255.721003; 254.603356; 253.749788; (); (); (); (); (); (); (); (); (); (); (); (); (); (); (); (); (); (); (); (); (); (); (); (); (); (); (); (); (); (); (); 
70.6; 08:07:31; (); (); (); (); (); (); (); (); (); (); (); (); (); (); (); (); (); (); (); (); (); (); (); (); (); (); (); (); (); (); (); (); (); (); (); (); (); (); (); (); (); (); (); (); (); (); (); (); (); (); (); (); (); (); (); (); (); (); (); (); (); (); (); (); (); (); (); (); (); -0.273864; -0.318139; -0.311165; -0.291838; -0.269580; -0.292684; -0.299327; -0.252476; -0.226814; -0.253157; -0.220158; -0.232424; -0.259870; -0.254436; -0.288468; -0.273450; -0.241231; -0.291375; -0.354735; -0.323676; -0.304062; -0.303251; -0.377373; -0.385841; -0.363317; -0.402595; -0.368280; -0.283216; (); (); (); (); (); (); (); (); (); (); (); (); (); (); (); (); (); (); (); (); (); (); (); (); (); (); (); (); (); (); (); (); (); (); (); (); (); (); (); (); (); (); (); 
72.4; 08:07:48; 260.893166; (); (); (); (); (); (); 251.840621; 251.214057; 250.774682; 250.235230; 248.955220; 248.774365; 249.244943; 250.132799; 252.051085; 254.102081; 255.370289; 256.888777; 257.858962; (); (); (); (); (); (); (); (); (); (); (); (); (); (); (); (); (); (); (); (); (); 253.691912; 253.764093; 253.756255; 253.782183; 253.799886; 253.810078; 253.831774; 253.849447; 253.829658; 253.776997; 253.818184; 253.848135; 253.817677; 253.899843; 253.929615; 253.958970; 254.042417; 253.992975; 253.866673; 254.287422; 254.566044; 254.410595; 254.194647; 254.053682; 254.685223; 254.983157; 255.220354; 255.686194; 256.118923; 256.190985; 256.102234; 256.127149; 256.623149; 257.035434; 256.900728; 256.935567; 257.090092; 257.582664; 247.809276; 231.123790; 214.652106; 195.863307; 179.324493; 162.803471; 144.312441; 131.861001; 121.551134; 110.805050; 98.264761; 81.107721; 63.197523; 41.116130; 21.713400; (); (); (); (); (); (); (); (); (); (); (); (); (); (); (); (); (); (); (); (); (); (); (); (); (); (); (); (); (); (); (); (); (); (); (); (); (); (); (); (); (); (); (); (); (); (); 
75.7; 08:08:06; 260.052532; 260.118991; 258.806497; 252.784461; 240.060776; 225.739613; 210.259899; 192.100227; 173.178107; 156.059414; 141.128734; 121.605217; 102.706432; 86.430393; 70.116818; 53.682920; 35.465769; 21.081975; 10.570608; 3.652525; 1.191549; 0.200249; -0.226476; -0.221063; -0.192219; -0.219605; -0.221581; -0.214027; -0.191856; -0.270362; -0.343901; -0.331712; -0.347884; -0.330475; -0.288742; -0.304695; -0.283492; -0.339221; -0.385129; -0.411611; -0.368233; -0.319095; -0.310821; -0.352488; -0.256704; -0.236720; -0.302612; -0.339875; -0.381181; -0.446984; -0.550453; -0.524663; -0.499956; -0.532285; -0.502306; -0.491614; -0.525010; -0.538343; -0.515476; -0.605998; -0.619241; -0.608241; (); (); (); (); (); (); (); (); (); (); (); (); (); (); (); (); (); (); (); (); (); (); (); (); (); (); (); (); (); (); (); (); (); (); (); (); (); (); (); (); (); (); (); (); (); (); (); (); (); (); (); (); (); (); (); (); (); (); (); (); (); (); (); (); (); (); (); (); (); (); (); (); (); (); (); (); (); (); 
79.0; 08:08:18; (); (); (); (); (); (); (); (); (); (); (); (); (); (); (); (); (); (); (); (); (); (); (); (); (); (); (); (); (); (); (); (); (); (); (); (); (); (); (); (); (); (); (); (); (); (); (); (); (); (); (); (); (); (); (); (); (); (); (); (); (); (); (); (); (); (); (); (); (); (); (); (); (); (); (); (); (); (); (); (); (); (); (); (); (); (); (); (); (); (); (); (); (); (); (); (); (); (); (); (); (); (); (); (); (); (); (); (); (); (); (); (); (); (); (); (); (); (); (); (); (); (); (); (); (); (); (); (); (); (); (); (); (); (); (); (); (); (); (); (); 
81.2; 08:08:30; (); (); (); (); (); (); (); (); (); (); (); (); (); (); (); (); (); (); (); (); (); (); (); (); (); (); (); (); (); (); (); (); (); (); (); (); (); (); (); (); (); (); (); (); (); (); (); (); (); (); (); (); (); (); (); (); (); (); (); (); (); (); (); (); (); (); (); (); (); (); (); (); (); (); (); (); (); (); (); (); (); (); (); (); (); (); (); (); (); (); (); (); (); (); (); (); (); (); (); (); (); (); (); (); (); (); (); (); (); (); (); (); (); (); (); (); (); (); (); (); (); (); (); (); (); (); (); (); (); (); (); (); (); (); (); (); (); (); (); (); 
83.4; 08:08:43; (); (); (); (); (); (); (); (); (); (); (); (); (); (); (); (); (); (); (); (); (); (); (); (); (); (); (); (); (); (); (); (); (); (); (); (); (); (); (); (); (); (); (); (); (); (); (); (); (); (); (); (); (); (); (); (); (); (); (); (); (); (); (); (); (); (); (); (); (); (); (); (); (); (); (); (); (); (); (); (); (); (); (); (); (); (); (); (); (); (); (); (); (); (); (); (); (); (); (); (); (); (); (); (); (); (); (); (); (); (); (); (); (); (); (); (); (); (); (); (); (); (); (); (); (); (); (); (); (); (); (); (); (); (); (); (); (); (); (); (); 
85.6; 08:08:55; (); (); (); (); (); (); (); (); (); (); (); (); (); (); (); (); (); (); (); (); (); (); (); (); (); (); (); (); (); (); (); (); (); (); (); (); (); (); (); (); (); (); (); (); (); (); (); (); (); (); (); (); (); (); (); (); (); (); (); (); (); (); (); (); (); (); (); (); (); (); (); (); (); (); (); (); (); (); (); (); (); (); (); (); (); (); (); (); (); (); (); (); (); (); (); (); (); (); (); (); (); (); (); (); (); (); (); (); (); (); (); (); (); (); (); (); (); (); (); (); (); (); (); (); (); (); (); (); (); (); (); (); (); (); (); (); (); (); (); (); 
87.9; 08:09:07; (); (); (); (); (); (); (); (); (); (); (); (); (); (); (); (); (); (); (); (); (); (); (); (); (); (); (); (); (); (); (); (); (); (); (); (); (); (); (); (); (); (); (); (); (); (); (); (); (); (); (); (); (); (); (); (); (); (); (); (); (); (); (); (); (); (); (); (); (); (); (); (); (); (); (); (); (); (); (); (); (); (); (); (); (); (); (); (); (); (); (); (); (); (); (); (); (); (); (); (); (); (); (); (); (); (); (); (); (); (); (); (); (); (); (); (); (); (); (); (); (); (); (); (); (); (); (); (); (); (); (); (); (); (); (); (); (); (); (); (); 
90.1; 08:09:19; (); (); (); (); (); (); (); (); (); (); (); (); (); (); (); (); (); (); (); (); (); (); (); (); (); (); (); (); (); (); (); (); (); (); (); (); (); (); (); (); (); (); (); (); (); (); (); (); (); (); (); (); (); (); (); (); (); (); (); (); (); (); (); (); (); (); (); (); (); (); (); (); (); (); (); (); (); (); (); (); (); (); (); (); (); (); (); (); (); (); (); (); (); (); (); (); (); (); (); (); (); (); (); (); (); (); (); (); (); (); (); (); (); (); (); (); (); (); (); (); (); (); (); (); (); (); (); (); (); (); (); (); (); (); (); (); (); (); (); (); 
92.3; 08:09:31; (); (); (); (); (); (); (); (); (); (); (); (); (); (); (); (); (); (); (); (); (); (); (); (); (); (); (); (); (); (); (); (); (); (); (); (); (); (); (); (); (); (); (); (); (); (); (); (); (); (); (); (); (); (); (); (); (); (); (); (); (); (); (); (); (); (); (); (); (); (); (); (); (); (); (); (); (); (); (); (); (); (); (); (); (); (); (); (); (); (); (); (); (); (); (); (); (); (); (); (); (); (); (); (); (); (); (); (); (); (); (); (); (); (); (); (); (); (); (); (); (); (); (); (); (); (); (); (); (); (); (); (); (); (); (); (); (); (); (); (); 
94.5; 08:09:43; (); (); (); (); (); (); (); (); (); (); (); (); (); (); (); (); (); (); (); (); (); (); (); (); (); (); (); (); (); (); (); (); (); (); (); (); (); (); (); (); (); (); (); (); (); (); (); (); (); (); (); (); (); (); (); (); (); (); (); (); (); (); (); (); (); (); (); (); (); (); (); (); (); (); (); (); (); (); (); (); (); (); (); (); (); (); (); (); (); (); (); (); (); (); (); (); (); (); (); (); (); (); (); (); (); (); (); (); (); (); (); (); (); (); (); (); (); (); (); (); (); (); (); (); (); (); (); (); (); (); (); (); (); (); (); (); (); (); (); (); 
