Roll Number; 0
Recipe Name; FP 4598_280 GSM
Start Time; 2018-01-17; 08:00:14
File Name; D:\Mahlo\TR\180117080014FP 4598_280 GSM0_XMF2.txt

-0.3; 08:02:34; (); (); (); (); (); (); (); (); (); (); (); (); (); (); (); (); (); (); (); (); (); (); (); (); (); (); (); (); (); (); (); (); (); (); (); (); (); (); (); (); (); (); (); (); (); (); (); (); (); (); (); (); (); (); (); (); (); (); (); (); (); (); (); (); (); (); (); (); (); (); (); (); (); (); (); (); (); (); (); (); (); (); (); (); (); (); (); (); (); (); (); (); (); (); (); (); (); (); (); (); (); (); (); (); (); (); (); (); (); (); (); (); (); (); (); (); (); (); (); (); (); (); (); (); (); (); (); (); (); (); 0.488660; 0.489645; 0.489274; 0.488416; 0.487612; 0.486487; 0.486432; 0.486607; 0.486607; 0.485943; 
0.0; 08:02:36; (); (); (); (); (); (); (); (); (); (); (); (); (); (); (); (); (); (); (); (); (); (); (); (); (); (); (); (); (); (); (); (); (); (); (); (); (); (); (); (); (); (); (); (); (); (); (); (); (); (); (); (); (); (); (); (); (); (); (); (); (); (); (); (); (); (); (); (); (); (); (); (); (); (); (); (); (); (); (); (); (); (); (); (); (); (); (); (); (); (); (); (); (); (); (); (); (); (); (); (); (); (); (); (); (); (); (); (); (); (); (); (); (); (); (); (); (); (); (); (); (); (); (); (); (); (); (); (); (); (); 0.496536; 0.495746; 0.494837; 0.493851; 0.492845; 0.492647; 0.492639; 0.492408; 0.491858; 0.491245; 
0.4; 08:02:37; (); (); (); (); (); (); (); (); (); (); (); (); (); (); (); (); (); (); (); (); (); (); (); (); (); (); (); (); (); (); (); (); (); (); (); (); (); (); (); (); (); (); (); (); (); (); (); (); (); (); (); (); (); (); (); (); (); (); (); (); (); (); (); (); (); (); (); (); (); (); (); (); (); (); (); (); (); (); (); (); (); (); (); (); (); (); (); (); (); (); (); (); (); (); (); (); (); (); (); (); (); (); (); (); (); (); (); (); (); (); (); (); (); (); (); (); (); (); (); (); (); (); (); (); (); (); (); (); (); (); 0.485817; 0.486705; 0.486694; 0.485863; 0.485321; 0.484584; 0.484295; 0.484421; 0.484290; (); 
0.8; 08:02:39; (); (); (); (); (); (); (); (); (); (); (); (); (); (); (); (); (); (); (); (); (); (); (); (); (); (); (); (); (); (); (); (); (); (); (); (); (); (); (); (); (); (); (); (); (); (); (); (); (); (); (); (); (); (); (); (); (); (); (); (); (); (); (); (); (); (); (); (); (); (); (); (); (); (); (); (); (); (); (); (); (); (); (); (); (); (); (); (); (); (); (); (); (); (); (); (); (); (); (); (); (); (); (); (); (); (); (); (); (); (); (); (); (); (); (); (); (); (); (); (); (); (); (); (); (); (); (); (); (); (); 0.493420; 0.492595; 0.491177; 0.489960; 0.489285; 0.489206; 0.489206; 0.488805; 0.488079; 0.487449; 
1.2; 08:02:41; (); (); (); (); (); (); (); (); (); (); (); (); (); (); (); (); (); (); (); (); (); (); (); (); (); (); (); (); (); (); (); (); (); (); (); (); (); (); (); (); (); (); (); (); (); (); (); (); (); (); (); (); (); (); (); (); (); (); (); (); (); (); (); (); (); (); (); (); (); (); (); (); (); (); (); (); (); (); (); (); (); (); (); (); (); (); (); (); (); (); (); (); (); (); (); (); (); (); (); (); (); (); (); (); (); (); (); (); (); (); (); (); (); (); (); (); (); (); (); (); (); (); (); (); (); (); (); (); (); (); 0.484216; 0.485103; 0.484913; 0.484046; 0.483249; 0.482331; 0.482265; 0.482367; 0.481998; (); 
1.6; 08:02:42; (); (); (); (); (); (); (); (); (); (); (); (); (); (); (); (); (); (); (); (); (); (); (); (); (); (); (); (); (); (); (); (); (); (); (); (); (); (); (); (); (); (); (); (); (); (); (); (); (); (); (); (); (); (); (); (); (); (); (); (); (); (); (); (); (); (); (); (); (); (); (); (); (); (); (); (); (); (); (); (); (); (); (); (); (); (); (); (); (); (); (); (); (); (); (); (); (); (); (); (); (); (); (); (); (); (); (); (); (); (); (); (); (); (); (); (); (); (); (); (); (); (); (); (); (); (); (); (); (); (); 0.491282; 0.489854; 0.488403; 0.487228; 0.486443; 0.486145; 0.486115; 0.485589; 0.484745; 0.483941; 
2.0; 08:02:44; (); (); (); (); (); (); (); (); (); (); (); (); (); (); (); (); (); (); (); (); (); (); (); (); (); (); (); (); (); (); (); (); (); (); (); (); (); (); (); (); (); (); (); (); (); (); (); (); (); (); (); (); (); (); (); (); (); (); (); (); (); (); (); (); (); (); (); (); (); (); (); (); (); (); (); (); (); (); (); (); (); (); (); (); (); (); (); (); (); (); (); (); (); (); (); (); (); (); (); (); (); (); (); (); (); (); (); (); (); (); (); (); (); (); (); (); (); (); (); (); (); (); (); (); (); (); (); (); (); 0.485660; 0.485894; 0.486493; 0.486203; 0.484534; 0.483334; 0.482260; 0.482267; 0.482441; 0.482108; (); 
2.4; 08:02:45; (); (); (); (); (); (); (); (); (); (); (); (); (); (); (); (); (); (); (); (); (); (); (); (); (); (); (); (); (); (); (); (); (); (); (); (); (); (); (); (); (); (); (); (); (); (); (); (); (); (); (); (); (); (); (); (); (); (); (); (); (); (); (); (); (); (); (); (); (); (); (); (); (); (); (); (); (); (); (); (); (); (); (); (); (); (); (); (); (); (); (); (); (); (); (); (); (); (); (); (); (); (); (); (); (); (); (); (); (); (); (); (); (); (); (); (); (); (); (); (); (); (); (); (); (); (); (); (); (); (); 0.491126; 0.489534; 0.487755; 0.486488; 0.485708; 0.485498; 0.485498; 0.485066; 0.484184; 0.482964; 
2.7; 08:02:47; (); (); (); (); (); (); (); (); (); (); (); (); (); (); (); (); (); (); (); (); (); (); (); (); (); (); (); (); (); (); (); (); (); (); (); (); (); (); (); (); (); (); (); (); (); (); (); (); (); (); (); (); (); (); (); (); (); (); (); (); (); (); (); (); (); (); (); (); (); (); (); (); (); (); (); (); (); (); (); (); (); (); (); (); (); (); (); (); (); (); (); (); (); (); (); (); (); (); (); (); (); (); (); (); (); (); (); (); (); (); (); (); (); (); (); (); (); (); (); (); (); (); (); (); (); (); (); (); (); (); 0.485756; 0.486225; 0.486163; 0.485089; 0.483831; 0.482383; 0.482305; 0.482476; 0.482266; (); 
3.1; 08:02:49; (); (); (); (); (); (); (); (); (); (); (); (); (); (); (); (); (); (); (); (); (); (); (); (); (); (); (); (); (); (); (); (); (); (); (); (); (); (); (); (); (); (); (); (); (); (); (); (); (); (); (); (); (); (); (); (); (); (); (); (); (); (); (); (); (); (); (); (); (); (); (); (); (); (); (); (); (); (); (); (); (); (); (); (); (); (); (); (); (); (); (); (); (); (); (); (); (); (); (); (); (); (); (); (); (); (); (); (); (); (); (); (); (); (); (); (); (); (); (); (); (); (); (); (); (); (); (); (); (); (); 0.488704; 0.487480; 0.485976; 0.484599; 0.483826; 0.483634; 0.483634; 0.483045; 0.482033; 0.481262; 
3.5; 08:02:50; (); (); (); (); (); (); (); (); (); (); (); (); (); (); (); (); (); (); (); (); (); (); (); (); (); (); (); (); (); (); (); (); (); (); (); (); (); (); (); (); (); (); (); (); (); (); (); (); (); (); (); (); (); (); (); (); (); (); (); (); (); (); (); (); (); (); (); (); (); (); (); (); (); (); (); (); (); (); (); (); (); (); (); (); (); (); (); (); (); (); (); (); (); (); (); (); (); (); (); (); (); (); (); (); (); (); (); (); (); (); (); (); (); (); (); (); (); (); (); (); (); (); (); (); (); (); (); (); (); (); 0.480138; 0.480888; 0.480455; 0.479233; 0.478453; 0.477609; 0.477472; 0.477615; 0.477385; (); 
3.9; 08:02:52; (); (); (); (); (); (); (); (); (); (); (); (); (); (); (); (); (); (); (); (); (); (); (); (); (); (); (); (); (); (); (); (); (); (); (); (); (); (); (); (); (); (); (); (); (); (); (); (); (); (); (); (); (); (); (); (); (); (); (); (); (); (); (); (); (); (); (); (); (); (); (); (); (); (); (); (); (); (); (); (); (); (); (); (); (); (); (); (); (); (); (); (); (); (); (); (); (); (); (); (); (); (); (); (); (); (); (); (); (); (); (); (); (); (); (); (); (); (); (); (); (); (); (); (); (); (); (); (); (); (); 0.487478; 0.485918; 0.484228; 0.482834; 0.481921; 0.481714; 0.481714; 0.481474; 0.480852; 0.480025; 
4.3; 08:02:54; (); (); (); (); (); (); (); (); (); (); (); (); (); (); (); (); (); (); (); (); (); (); (); (); (); (); (); (); (); (); (); (); (); (); (); (); (); (); (); (); (); (); (); (); (); (); (); (); (); (); (); (); (); (); (); (); (); (); (); (); (); (); (); (); (); (); (); (); (); (); (); (); (); (); (); (); (); (); (); (); (); (); (); (); (); (); (); (); (); (); (); (); (); (); (); (); (); (); (); (); (); (); (); (); (); (); (); (); (); (); (); (); (); (); (); (); (); (); (); (); (); (); (); (); (); (); (); (); (); (); 0.479408; 0.480092; 0.479812; 0.479190; 0.478108; 0.477264; 0.477186; 0.477231; 0.477174; (); 
4.7; 08:02:55; (); (); (); (); (); (); (); (); (); (); (); (); (); (); (); (); (); (); (); (); (); (); (); (); (); (); (); (); (); (); (); (); (); (); (); (); (); (); (); (); (); (); (); (); (); (); (); (); (); (); (); (); (); (); (); (); (); (); (); (); (); (); (); (); (); (); (); (); (); (); (); (); (); (); (); (); (); (); (); (); (); (); (); (); (); (); (); (); (); (); (); (); (); (); (); (); (); (); (); (); (); (); (); (); (); (); (); (); (); (); (); (); (); (); (); (); (); (); (); (); (); (); (); (); (); (); (); (); (); (); 0.488173; 0.486606; 0.485252; 0.484244; 0.482946; 0.482610; 0.482556; 0.482013; 0.481432; 0.480522; 
5.1; 08:02:57; (); (); (); (); (); (); (); (); (); (); (); (); (); (); (); (); (); (); (); (); (); (); (); (); (); (); (); (); (); (); (); (); (); (); (); (); (); (); (); (); (); (); (); (); (); (); (); (); (); (); (); (); (); (); (); (); (); (); (); (); (); (); (); (); (); (); (); (); (); (); (); (); (); (); (); (); (); (); (); (); (); (); (); (); (); (); (); (); (); (); (); (); (); (); (); (); (); (); (); (); (); (); (); (); (); (); (); (); (); (); (); (); (); (); (); (); (); (); (); (); (); (); (); (); (); (); (); (); (); (); 0.474326; 0.475650; 0.475570; 0.474482; 0.473861; 0.472953; 0.472786; 0.472813; 0.472425; (); 
5.4; 08:02:59; (); (); (); (); (); (); (); (); (); (); (); (); (); (); (); (); (); (); (); (); (); (); (); (); (); (); (); (); (); (); (); (); (); (); (); (); (); (); (); (); (); (); (); (); (); (); (); (); (); (); (); (); (); (); (); (); (); (); (); (); (); (); (); (); (); (); (); (); (); (); (); (); (); (); (); (); (); (); (); (); (); (); (); (); (); (); (); (); (); (); (); (); (); (); (); (); (); (); (); (); (); (); (); (); (); (); (); (); (); (); (); (); (); (); (); (); (); (); (); (); (); (); (); (); (); (); (); (); (); 0.486299; 0.485307; 0.483971; 0.482729; 0.481602; 0.480494; 0.480044; 0.479894; 0.479245; 0.478529; 0.477561; 
5.8; 08:03:00; (); (); (); (); (); (); (); (); (); (); (); (); (); (); (); (); (); (); (); (); (); (); (); (); (); (); (); (); (); (); (); (); (); (); (); (); (); (); (); (); (); (); (); (); (); (); (); (); (); (); (); (); (); (); (); (); (); (); (); (); (); (); (); (); (); (); (); (); (); (); (); (); (); (); (); (); (); (); (); (); (); (); (); (); (); (); (); (); (); (); (); (); (); (); (); (); (); (); (); (); (); (); (); (); (); (); (); (); (); (); (); (); (); (); (); (); (); (); (); (); (); (); (); (); (); (); (); (); (); 0.479703; 0.480119; 0.480130; 0.479636; 0.478234; 0.477324; 0.475974; 0.475871; 0.475930; 0.475552; (); 
6.2; 08:03:02; (); (); (); (); (); (); (); (); (); (); (); (); (); (); (); (); (); (); (); (); (); (); (); (); (); (); (); (); (); (); (); (); (); (); (); (); (); (); (); (); (); (); (); (); (); (); (); (); (); (); (); (); (); (); (); (); (); (); (); (); (); (); (); (); (); (); (); (); (); (); (); (); (); (); (); (); (); (); (); (); (); (); (); (); (); (); (); (); (); (); (); (); (); (); (); (); (); (); (); (); (); (); (); (); (); (); (); (); (); (); (); (); (); (); (); (); (); (); (); (); (); (); (); (); (); (); (); (); (); 0.479703; 0.480579; 0.478840; 0.477470; 0.476040; 0.475218; 0.474947; 0.474846; 0.474422; 0.473437; 0.472311; 
6.6; 08:03:04; (); (); (); (); (); (); (); (); (); (); (); (); (); (); (); (); (); (); (); (); (); (); (); (); (); (); (); (); (); (); (); (); (); (); (); (); (); (); (); (); (); (); (); (); (); (); (); (); (); (); (); (); (); (); (); (); (); (); (); (); (); (); (); (); (); (); (); (); (); (); (); (); (); (); (); (); (); (); (); (); (); (); (); (); (); (); (); (); (); (); (); (); (); (); (); (); (); (); (); (); (); (); (); (); (); (); (); (); (); (); (); (); (); (); (); (); (); (); (); (); (); (); (); (); (); (); (); (); (); (); 0.476915; 0.477449; 0.476911; 0.475720; 0.474691; 0.473603; 0.473522; 0.473748; 0.473573; (); 
7.0; 08:03:05; (); (); (); (); (); (); (); (); (); (); (); (); (); (); (); (); (); (); (); (); (); (); (); (); (); (); (); (); (); (); (); (); (); (); (); (); (); (); (); (); (); (); (); (); (); (); (); (); (); (); (); (); (); (); (); (); (); (); (); (); (); (); (); (); (); (); (); (); (); (); (); (); (); (); (); (); (); (); (); (); (); (); (); (); (); (); (); (); (); (); (); (); (); (); (); (); (); (); (); (); (); (); (); (); (); (); (); (); (); (); (); (); (); (); (); (); (); (); (); (); (); (); (); (); (); (); (); (); (); 0.480055; 0.479266; 0.478074; 0.476670; 0.475223; 0.474510; 0.474478; 0.474204; 0.473493; 0.472751; 0.472029; 
7.4; 08:03:07; (); (); (); (); (); (); (); (); (); (); (); (); (); (); (); (); (); (); (); (); (); (); (); (); (); (); (); (); (); (); (); (); (); (); (); (); (); (); (); (); (); (); (); (); (); (); (); (); (); (); (); (); (); (); (); (); (); (); (); (); (); (); (); (); (); (); (); (); (); (); (); (); (); (); (); (); (); (); (); (); (); (); (); (); (); (); (); (); (); (); (); (); (); (); (); (); (); (); (); (); (); (); (); (); (); (); (); (); (); (); (); (); (); (); (); (); (); (); (); (); (); (); (); (); (); (); (); (); (); 0.472041; 0.472828; 0.472639; 0.472889; 0.472019; 0.471090; 0.469848; 0.469800; 0.469951; 0.469564; (); 
7.8; 08:03:09; (); (); (); (); (); (); (); (); (); (); (); (); (); (); (); (); (); (); (); (); (); (); (); (); (); (); (); (); (); (); (); (); (); (); (); (); (); (); (); (); (); (); (); (); (); (); (); (); (); (); (); (); (); (); (); (); (); (); (); (); (); (); (); (); (); (); (); (); (); (); (); (); (); (); (); (); (); (); (); (); (); (); (); (); (); (); (); (); (); (); (); (); (); (); (); (); (); (); (); (); (); (); (); (); (); (); (); (); (); (); (); (); (); (); (); (); (); (); (); (); (); (); (); (); (); (); (); (); (); 0.478841; 0.478076; 0.476818; 0.475775; 0.474753; 0.473882; 0.473727; 0.473507; 0.472998; 0.472367; 0.471635; 
8.2; 08:03:10; (); (); (); (); (); (); (); (); (); (); (); (); (); (); (); (); (); (); (); (); (); (); (); (); (); (); (); (); (); (); (); (); (); (); (); (); (); (); (); (); (); (); (); (); (); (); (); (); (); (); (); (); (); (); (); (); (); (); (); (); (); (); (); (); (); (); (); (); (); (); (); (); (); (); (); (); (); (); (); (); (); (); (); (); (); (); (); (); (); (); (); (); (); (); (); (); (); (); (); (); (); (); (); (); (); (); (); (); (); (); (); (); (); (); (); (); (); (); (); (); (); (); (); (); (); (); (); (); (); 0.471206; 0.471895; 0.471683; 0.471589; 0.470230; 0.469144; 0.467850; 0.467831; 0.467967; 0.467521; (); 
8.6; 08:03:12; (); (); (); (); (); (); (); (); (); (); (); (); (); (); (); (); (); (); (); (); (); (); (); (); (); (); (); (); (); (); (); (); (); (); (); (); (); (); (); (); (); (); (); (); (); (); (); (); (); (); (); (); (); (); (); (); (); (); (); (); (); (); (); (); (); (); (); (); (); (); (); (); (); (); (); (); (); (); (); (); (); (); (); (); (); (); (); (); (); (); (); (); (); (); (); (); (); (); (); (); (); (); (); (); (); (); (); (); (); (); (); (); (); (); (); (); (); (); (); (); (); (); (); (); (); (); (); (); (); 0.478169; 0.477409; 0.476260; 0.475023; 0.473922; 0.473131; 0.473033; 0.472993; 0.472721; 0.472007; 0.471238; 
9.0; 08:03:14; (); (); (); (); (); (); (); (); (); (); (); (); (); (); (); (); (); (); (); (); (); (); (); (); (); (); (); (); (); (); (); (); (); (); (); (); (); (); (); (); (); (); (); (); (); (); (); (); (); (); (); (); (); (); (); (); (); (); (); (); (); (); (); (); (); (); (); (); (); (); (); (); (); (); (); (); (); (); (); (); (); (); (); (); (); (); (); (); (); (); (); (); (); (); (); (); (); (); (); (); (); (); (); (); (); (); (); (); (); (); (); (); (); (); (); (); (); (); (); (); (); (); (); (); (); (); (); (); (); 0.466901; 0.467267; 0.467648; 0.467665; 0.466574; 0.465568; 0.464387; 0.464387; 0.464612; 0.464190; (); 
9.4; 08:03:15; (); (); (); (); (); (); (); (); (); (); (); (); (); (); (); (); (); (); (); (); (); (); (); (); (); (); (); (); (); (); (); (); (); (); (); (); (); (); (); (); (); (); (); (); (); (); (); (); (); (); (); (); (); (); (); (); (); (); (); (); (); (); (); (); (); (); (); (); (); (); (); (); (); (); (); (); (); (); (); (); (); (); (); (); (); (); (); (); (); (); (); (); (); (); (); (); (); (); (); (); (); (); (); (); (); (); (); (); (); (); (); (); (); (); (); (); (); (); (); (); (); (); (); (); (); (); (); (); (); (); 0.474991; 0.474085; 0.473069; 0.472144; 0.471290; 0.471117; 0.471101; 0.470779; 0.470067; 0.469308; 
9.7; 08:03:17; (); (); (); (); (); (); (); (); (); (); (); (); (); (); (); (); (); (); (); (); (); (); (); (); (); (); (); (); (); (); (); (); (); (); (); (); (); (); (); (); (); (); (); (); (); (); (); (); (); (); (); (); (); (); (); (); (); (); (); (); (); (); (); (); (); (); (); (); (); (); (); (); (); (); (); (); (); (); (); (); (); (); (); (); (); (); (); (); (); (); (); (); (); (); (); (); (); (); (); (); (); (); (); (); (); (); (); (); (); (); (); (); (); (); (); (); (); (); (); (); (); (); (); (); (); (); (); (); (); (); 0.468045; 0.467827; 0.467294; 0.466440; 0.465808; 0.464559; 0.464466; 0.464516; 0.464021; (); 
10.1; 08:03:18; (); (); (); (); (); (); (); (); (); (); (); (); (); (); (); (); (); (); (); (); (); (); (); (); (); (); (); (); (); (); (); (); (); (); (); (); (); (); (); (); (); (); (); (); (); (); (); (); (); (); (); (); (); (); (); (); (); (); (); (); (); (); (); (); (); (); (); (); (); (); (); (); (); (); (); (); (); (); (); (); (); (); (); (); (); (); (); (); (); (); (); (); (); (); (); (); (); (); (); (); (); (); (); (); (); (); (); (); (); (); (); (); (); (); (); (); (); (); (); (); (); (); (); (); (); (); (); (); (); 0.472467; 0.471279; 0.470518; 0.469527; 0.468505; 0.467772; 0.467708; 0.467364; 0.466695; 0.466115; 0.465518; 
10.5; 08:03:20; (); (); (); (); (); (); (); (); (); (); (); (); (); (); (); (); (); (); (); (); (); (); (); (); (); (); (); (); (); (); (); (); (); (); (); (); (); (); (); (); (); (); (); (); (); (); (); (); (); (); (); (); (); (); (); (); (); (); (); (); (); (); (); (); (); (); (); (); (); (); (); (); (); (); (); (); (); (); (); (); (); (); (); (); (); (); (); (); (); (); (); (); (); (); (); (); (); (); (); (); (); (); (); (); (); (); (); (); (); (); (); (); (); (); (); (); (); (); (); (); (); (); (); (); (); (); (); (); (); 0.468405; 0.468861; 0.468274; 0.467682; 0.466446; 0.465648; 0.464842; 0.464777; 0.464857; 0.464589; (); 
10.9; 08:03:22; (); (); (); (); (); (); (); (); (); (); (); (); (); (); (); (); (); (); (); (); (); (); (); (); (); (); (); (); (); (); (); (); (); (); (); (); (); (); (); (); (); (); (); (); (); (); (); (); (); (); (); (); (); (); (); (); (); (); (); (); (); (); (); (); (); (); (); (); (); (); (); (); (); (); (); (); (); (); (); (); (); (); (); (); (); (); (); (); (); (); (); (); (); (); (); (); (); (); (); (); (); (); (); (); (); (); (); (); (); (); (); (); (); (); (); (); (); (); (); (); (); (); (); (); (); (); (); (); (); 0.473178; 0.472334; 0.471448; 0.470653; 0.469671; 0.468672; 0.468593; 0.468352; 0.468016; 0.467574; 0.466869; 
11.3; 08:03:23; (); (); (); (); (); (); (); (); (); (); (); (); (); (); (); (); (); (); (); (); (); (); (); (); (); (); (); (); (); (); (); (); (); (); (); (); (); (); (); (); (); (); (); (); (); (); (); (); (); (); (); (); (); (); (); (); (); (); (); (); (); (); (); (); (); (); (); (); (); (); (); (); (); (); (); (); (); (); (); (); (); (); (); (); (); (); (); (); (); (); (); (); (); (); (); (); (); (); (); (); (); (); (); (); (); (); (); (); (); (); (); (); (); (); (); (); (); (); (); (); (); (); (); (); (); (); (); (); (); 0.464624; 0.465140; 0.464946; 0.464989; 0.464033; 0.463460; 0.462713; 0.462666; 0.462917; 0.462913; (); 
11.7; 08:03:25; (); (); (); (); (); (); (); (); (); (); (); (); (); (); (); (); (); (); (); (); (); (); (); (); (); (); (); (); (); (); (); (); (); (); (); (); (); (); (); (); (); (); (); (); (); (); (); (); (); (); (); (); (); (); (); (); (); (); (); (); (); (); (); (); (); (); (); (); (); (); (); (); (); (); (); (); (); (); (); (); (); (); (); (); (); (); (); (); (); (); (); (); (); (); (); (); (); (); (); (); (); (); (); (); (); (); (); (); (); (); (); (); (); (); (); (); (); (); (); (); (); (); (); (); (); (); (); (); (); 0.472284; 0.471782; 0.471164; 0.470264; 0.469230; 0.468156; 0.467992; 0.467914; 0.467567; 0.467070; 0.466198; 
12.1; 08:03:27; (); (); (); (); (); (); (); (); (); (); (); (); (); (); (); (); (); (); (); (); (); (); (); (); (); (); (); (); (); (); (); (); (); (); (); (); (); (); (); (); (); (); (); (); (); (); (); (); (); (); (); (); (); (); (); (); (); (); (); (); (); (); (); (); (); (); (); (); (); (); (); (); (); (); (); (); (); (); (); (); (); (); (); (); (); (); (); (); (); (); (); (); (); (); (); (); (); (); (); (); (); (); (); (); (); (); (); (); (); (); (); (); (); (); (); (); (); (); (); (); (); (); (); (); (); (); (); (); (); 0.463422; 0.464026; 0.463279; 0.463347; 0.462432; 0.461805; 0.460999; 0.460978; 0.461070; 0.460844; (); 
12.5; 08:03:28; (); (); (); (); (); (); (); (); (); (); (); (); (); (); (); (); (); (); (); (); (); (); (); (); (); (); (); (); (); (); (); (); (); (); (); (); (); (); (); (); (); (); (); (); (); (); (); (); (); (); (); (); (); (); (); (); (); (); (); (); (); (); (); (); (); (); (); (); (); (); (); (); (); (); (); (); (); (); (); (); (); (); (); (); (); (); (); (); (); (); (); (); (); (); (); (); (); (); (); (); (); (); (); (); (); (); (); (); (); (); (); (); (); (); (); (); (); (); (); (); (); (); (); (); (); (); (); (); (); 0.463422; 0.468782; 0.467691; 0.466473; 0.465314; 0.464625; 0.464371; 0.464263; 0.463867; 0.463302; 0.462561; 
12.9; 08:03:30; (); (); (); (); (); (); (); (); (); (); (); (); (); (); (); (); (); (); (); (); (); (); (); (); (); (); (); (); (); (); (); (); (); (); (); (); (); (); (); (); (); (); (); (); (); (); (); (); (); (); (); (); (); (); (); (); (); (); (); (); (); (); (); (); (); (); (); (); (); (); (); (); (); (); (); (); (); (); (); (); (); (); (); (); (); (); (); (); (); (); (); (); (); (); (); (); (); (); (); (); (); (); (); (); (); (); (); (); (); (); (); (); (); (); (); (); (); (); (); (); (); (); (); (); (); (); (); (); (); (); 0.462472; 0.463048; 0.462982; 0.462277; 0.461915; 0.460768; 0.460556; 0.460753; 0.460759; (); 
13.3; 08:03:32; (); (); (); (); (); (); (); (); (); (); (); (); (); (); (); (); (); (); (); (); (); (); (); (); (); (); (); (); (); (); (); (); (); (); (); (); (); (); (); (); (); (); (); (); (); (); (); (); (); (); (); (); (); (); (); (); (); (); (); (); (); (); (); (); (); (); (); (); (); (); (); (); (); (); (); (); (); (); (); (); (); (); (); (); (); (); (); (); (); (); (); (); (); (); (); (); (); (); (); (); (); (); (); (); (); (); (); (); (); (); (); (); (); (); (); (); (); (); (); (); (); (); (); (); (); (); (); (); (); (); 0.468236; 0.467404; 0.466555; 0.465400; 0.464522; 0.464309; 0.464268; 0.463932; 0.463429; 0.462753; 
13.7; 08:03:33; (); (); (); (); (); (); (); (); (); (); (); (); (); (); (); (); (); (); (); (); (); (); (); (); (); (); (); (); (); (); (); (); (); (); (); (); (); (); (); (); (); (); (); (); (); (); (); (); (); (); (); (); (); (); (); (); (); (); (); (); (); (); (); (); (); (); (); (); (); (); (); (); (); (); (); (); (); (); (); (); (); (); (); (); (); (); (); (); (); (); (); (); (); (); (); (); (); (); (); (); (); (); (); (); (); (); (); (); (); (); (); (); (); (); (); (); (); (); (); (); (); (); (); (); (); (); (); (); (); (); 0.461710; 0.461829; 0.461220; 0.460327; 0.459413; 0.458386; 0.458330; 0.458366; 0.458098; (); 
